timeStamp,elapsed,label,responseCode,responseMessage,threadName,dataType,success,failureMessage,bytes,sentBytes,grpThreads,allThreads,URL,Latency,IdleTime,Connect
1715851798396,80510,Create Issue User 550 Ramp 1,201,Created,User 550 Ramp 1 1-61,text,true,,2915,1669,550,550,http://localhost:3000/v1/issue/create-issue,80507,0,26
1715851798379,80534,Create Issue User 550 Ramp 1,201,Created,User 550 Ramp 1 1-36,text,true,,2915,1669,549,549,http://localhost:3000/v1/issue/create-issue,80534,0,42
1715851798383,80544,Create Issue User 550 Ramp 1,201,Created,User 550 Ramp 1 1-55,text,true,,2915,1669,548,548,http://localhost:3000/v1/issue/create-issue,80544,0,39
1715851798377,80560,Create Issue User 550 Ramp 1,201,Created,User 550 Ramp 1 1-40,text,true,,2915,1669,547,547,http://localhost:3000/v1/issue/create-issue,80560,0,45
1715851798379,80594,Create Issue User 550 Ramp 1,201,Created,User 550 Ramp 1 1-18,text,true,,2915,1669,546,546,http://localhost:3000/v1/issue/create-issue,80594,0,43
1715851798377,80630,Create Issue User 550 Ramp 1,201,Created,User 550 Ramp 1 1-30,text,true,,2915,1669,545,545,http://localhost:3000/v1/issue/create-issue,80630,0,45
1715851798378,80639,Create Issue User 550 Ramp 1,201,Created,User 550 Ramp 1 1-1,text,true,,2915,1669,544,544,http://localhost:3000/v1/issue/create-issue,80639,0,44
1715851798399,80626,Create Issue User 550 Ramp 1,201,Created,User 550 Ramp 1 1-62,text,true,,2915,1669,543,543,http://localhost:3000/v1/issue/create-issue,80626,0,23
1715851798378,80657,Create Issue User 550 Ramp 1,201,Created,User 550 Ramp 1 1-12,text,true,,2915,1669,542,542,http://localhost:3000/v1/issue/create-issue,80657,0,44
1715851798385,80658,Create Issue User 550 Ramp 1,201,Created,User 550 Ramp 1 1-56,text,true,,2915,1669,541,541,http://localhost:3000/v1/issue/create-issue,80658,0,37
1715851798376,80754,Create Issue User 550 Ramp 1,201,Created,User 550 Ramp 1 1-4,text,true,,2915,1669,540,540,http://localhost:3000/v1/issue/create-issue,80754,0,47
1715851798379,80763,Create Issue User 550 Ramp 1,201,Created,User 550 Ramp 1 1-37,text,true,,2915,1669,539,539,http://localhost:3000/v1/issue/create-issue,80762,0,43
1715851798377,80776,Create Issue User 550 Ramp 1,201,Created,User 550 Ramp 1 1-14,text,true,,2915,1669,538,538,http://localhost:3000/v1/issue/create-issue,80775,0,46
1715851798407,80760,Create Issue User 550 Ramp 1,201,Created,User 550 Ramp 1 1-67,text,true,,2915,1669,537,537,http://localhost:3000/v1/issue/create-issue,80759,0,16
1715851798379,80826,Create Issue User 550 Ramp 1,201,Created,User 550 Ramp 1 1-16,text,true,,2915,1669,536,536,http://localhost:3000/v1/issue/create-issue,80825,0,42
1715851798376,80850,Create Issue User 550 Ramp 1,201,Created,User 550 Ramp 1 1-29,text,true,,2915,1669,535,535,http://localhost:3000/v1/issue/create-issue,80849,0,46
1715851798418,80824,Create Issue User 550 Ramp 1,201,Created,User 550 Ramp 1 1-72,text,true,,2915,1669,534,534,http://localhost:3000/v1/issue/create-issue,80824,0,3
1715851798391,80864,Create Issue User 550 Ramp 1,201,Created,User 550 Ramp 1 1-58,text,true,,2915,1669,533,533,http://localhost:3000/v1/issue/create-issue,80864,0,30
1715851798418,80850,Create Issue User 550 Ramp 1,201,Created,User 550 Ramp 1 1-73,text,true,,2915,1669,532,532,http://localhost:3000/v1/issue/create-issue,80850,0,3
1715851798378,80937,Create Issue User 550 Ramp 1,201,Created,User 550 Ramp 1 1-51,text,true,,2915,1669,531,531,http://localhost:3000/v1/issue/create-issue,80937,0,43
1715851798376,80968,Create Issue User 550 Ramp 1,201,Created,User 550 Ramp 1 1-15,text,true,,2915,1669,530,530,http://localhost:3000/v1/issue/create-issue,80967,0,45
1715851798412,80975,Create Issue User 550 Ramp 1,201,Created,User 550 Ramp 1 1-70,text,true,,2915,1669,529,529,http://localhost:3000/v1/issue/create-issue,80975,0,9
1715851798376,81048,Create Issue User 550 Ramp 1,201,Created,User 550 Ramp 1 1-20,text,true,,2915,1669,528,528,http://localhost:3000/v1/issue/create-issue,81047,0,45
1715851798400,81033,Create Issue User 550 Ramp 1,201,Created,User 550 Ramp 1 1-63,text,true,,2915,1669,527,527,http://localhost:3000/v1/issue/create-issue,81033,0,21
1715851798378,81089,Create Issue User 550 Ramp 1,201,Created,User 550 Ramp 1 1-34,text,true,,2915,1669,526,526,http://localhost:3000/v1/issue/create-issue,81088,0,43
1715851798379,81099,Create Issue User 550 Ramp 1,201,Created,User 550 Ramp 1 1-3,text,true,,2915,1669,525,525,http://localhost:3000/v1/issue/create-issue,81098,0,42
1715851798378,81130,Create Issue User 550 Ramp 1,201,Created,User 550 Ramp 1 1-48,text,true,,2915,1669,524,524,http://localhost:3000/v1/issue/create-issue,81130,0,43
1715851798379,81168,Create Issue User 550 Ramp 1,201,Created,User 550 Ramp 1 1-47,text,true,,2915,1669,523,523,http://localhost:3000/v1/issue/create-issue,81168,0,42
1715851798377,81184,Create Issue User 550 Ramp 1,201,Created,User 550 Ramp 1 1-23,text,true,,2915,1669,522,522,http://localhost:3000/v1/issue/create-issue,81184,0,44
1715851798377,81207,Create Issue User 550 Ramp 1,201,Created,User 550 Ramp 1 1-22,text,true,,2915,1669,521,521,http://localhost:3000/v1/issue/create-issue,81206,0,44
1715851798377,81224,Create Issue User 550 Ramp 1,201,Created,User 550 Ramp 1 1-7,text,true,,2915,1669,520,520,http://localhost:3000/v1/issue/create-issue,81224,0,44
1715851798380,81254,Create Issue User 550 Ramp 1,201,Created,User 550 Ramp 1 1-53,text,true,,2915,1669,519,519,http://localhost:3000/v1/issue/create-issue,81254,0,41
1715851798378,81305,Create Issue User 550 Ramp 1,201,Created,User 550 Ramp 1 1-52,text,true,,2915,1669,518,518,http://localhost:3000/v1/issue/create-issue,81305,0,43
1715851798379,81352,Create Issue User 550 Ramp 1,201,Created,User 550 Ramp 1 1-38,text,true,,2915,1669,517,517,http://localhost:3000/v1/issue/create-issue,81352,0,42
1715851798393,81350,Create Issue User 550 Ramp 1,201,Created,User 550 Ramp 1 1-60,text,true,,2915,1669,516,516,http://localhost:3000/v1/issue/create-issue,81350,0,29
1715851798379,81402,Create Issue User 550 Ramp 1,201,Created,User 550 Ramp 1 1-46,text,true,,2915,1669,515,515,http://localhost:3000/v1/issue/create-issue,81402,0,43
1715851798376,81460,Create Issue User 550 Ramp 1,201,Created,User 550 Ramp 1 1-17,text,true,,2915,1669,514,514,http://localhost:3000/v1/issue/create-issue,81459,0,46
1715851798379,81469,Create Issue User 550 Ramp 1,201,Created,User 550 Ramp 1 1-19,text,true,,2915,1669,513,513,http://localhost:3000/v1/issue/create-issue,81469,0,43
1715851798379,81501,Create Issue User 550 Ramp 1,201,Created,User 550 Ramp 1 1-6,text,true,,2915,1669,512,512,http://localhost:3000/v1/issue/create-issue,81500,0,43
1715851798377,81513,Create Issue User 550 Ramp 1,201,Created,User 550 Ramp 1 1-21,text,true,,2915,1669,511,511,http://localhost:3000/v1/issue/create-issue,81513,0,45
1715851798377,81526,Create Issue User 550 Ramp 1,201,Created,User 550 Ramp 1 1-26,text,true,,2915,1669,510,510,http://localhost:3000/v1/issue/create-issue,81525,0,45
1715851798379,81552,Create Issue User 550 Ramp 1,201,Created,User 550 Ramp 1 1-13,text,true,,2915,1669,509,509,http://localhost:3000/v1/issue/create-issue,81552,0,43
1715851798376,81607,Create Issue User 550 Ramp 1,201,Created,User 550 Ramp 1 1-41,text,true,,2915,1669,508,508,http://localhost:3000/v1/issue/create-issue,81606,0,46
1715851798377,81656,Create Issue User 550 Ramp 1,201,Created,User 550 Ramp 1 1-49,text,true,,2915,1669,507,507,http://localhost:3000/v1/issue/create-issue,81656,0,45
1715851798377,81725,Create Issue User 550 Ramp 1,201,Created,User 550 Ramp 1 1-44,text,true,,2915,1669,506,506,http://localhost:3000/v1/issue/create-issue,81725,0,45
1715851798379,81739,Create Issue User 550 Ramp 1,201,Created,User 550 Ramp 1 1-50,text,true,,2915,1669,505,505,http://localhost:3000/v1/issue/create-issue,81739,0,43
1715851798377,81763,Create Issue User 550 Ramp 1,201,Created,User 550 Ramp 1 1-24,text,true,,2915,1669,504,504,http://localhost:3000/v1/issue/create-issue,81762,0,45
1715851798379,81774,Create Issue User 550 Ramp 1,201,Created,User 550 Ramp 1 1-11,text,true,,2915,1669,503,503,http://localhost:3000/v1/issue/create-issue,81774,0,44
1715851798379,81784,Create Issue User 550 Ramp 1,201,Created,User 550 Ramp 1 1-42,text,true,,2915,1669,502,502,http://localhost:3000/v1/issue/create-issue,81784,0,43
1715851798379,81793,Create Issue User 550 Ramp 1,201,Created,User 550 Ramp 1 1-25,text,true,,2915,1669,501,501,http://localhost:3000/v1/issue/create-issue,81793,0,43
1715851798377,81804,Create Issue User 550 Ramp 1,201,Created,User 550 Ramp 1 1-2,text,true,,2915,1669,500,500,http://localhost:3000/v1/issue/create-issue,81804,0,45
1715851798410,81814,Create Issue User 550 Ramp 1,201,Created,User 550 Ramp 1 1-69,text,true,,2915,1669,499,499,http://localhost:3000/v1/issue/create-issue,81813,0,12
1715851798382,81996,Create Issue User 550 Ramp 1,201,Created,User 550 Ramp 1 1-54,text,true,,2915,1669,498,498,http://localhost:3000/v1/issue/create-issue,81996,0,41
1715851798377,82013,Create Issue User 550 Ramp 1,201,Created,User 550 Ramp 1 1-32,text,true,,2915,1669,497,497,http://localhost:3000/v1/issue/create-issue,82013,0,44
1715851798391,82010,Create Issue User 550 Ramp 1,201,Created,User 550 Ramp 1 1-59,text,true,,2915,1669,496,496,http://localhost:3000/v1/issue/create-issue,82010,0,31
1715851798378,82034,Create Issue User 550 Ramp 1,201,Created,User 550 Ramp 1 1-35,text,true,,2915,1669,495,495,http://localhost:3000/v1/issue/create-issue,82034,0,44
1715851798415,82022,Create Issue User 550 Ramp 1,201,Created,User 550 Ramp 1 1-71,text,true,,2915,1669,494,494,http://localhost:3000/v1/issue/create-issue,82021,0,7
1715851798377,82187,Create Issue User 550 Ramp 1,201,Created,User 550 Ramp 1 1-43,text,true,,2915,1669,493,493,http://localhost:3000/v1/issue/create-issue,82186,0,45
1715851798405,82173,Create Issue User 550 Ramp 1,201,Created,User 550 Ramp 1 1-65,text,true,,2915,1669,492,492,http://localhost:3000/v1/issue/create-issue,82173,0,17
1715851798388,82206,Create Issue User 550 Ramp 1,201,Created,User 550 Ramp 1 1-57,text,true,,2915,1669,491,491,http://localhost:3000/v1/issue/create-issue,82206,0,34
1715851798379,82227,Create Issue User 550 Ramp 1,201,Created,User 550 Ramp 1 1-8,text,true,,2915,1669,490,490,http://localhost:3000/v1/issue/create-issue,82227,0,43
1715851798377,82255,Create Issue User 550 Ramp 1,201,Created,User 550 Ramp 1 1-28,text,true,,2915,1669,489,489,http://localhost:3000/v1/issue/create-issue,82255,0,46
1715851798407,82236,Create Issue User 550 Ramp 1,201,Created,User 550 Ramp 1 1-68,text,true,,2915,1669,488,488,http://localhost:3000/v1/issue/create-issue,82236,0,15
1715851798378,82290,Create Issue User 550 Ramp 1,201,Created,User 550 Ramp 1 1-10,text,true,,2915,1669,487,487,http://localhost:3000/v1/issue/create-issue,82290,0,44
1715851798379,82299,Create Issue User 550 Ramp 1,201,Created,User 550 Ramp 1 1-45,text,true,,2915,1669,486,486,http://localhost:3000/v1/issue/create-issue,82298,0,43
1715851798379,82364,Create Issue User 550 Ramp 1,201,Created,User 550 Ramp 1 1-27,text,true,,2915,1669,485,485,http://localhost:3000/v1/issue/create-issue,82363,0,43
1715851798379,82398,Create Issue User 550 Ramp 1,201,Created,User 550 Ramp 1 1-31,text,true,,2915,1669,484,484,http://localhost:3000/v1/issue/create-issue,82398,0,43
1715851798379,82408,Create Issue User 550 Ramp 1,201,Created,User 550 Ramp 1 1-33,text,true,,2915,1669,483,483,http://localhost:3000/v1/issue/create-issue,82408,0,43
1715851798406,82390,Create Issue User 550 Ramp 1,201,Created,User 550 Ramp 1 1-66,text,true,,2915,1669,482,482,http://localhost:3000/v1/issue/create-issue,82390,0,17
1715851798403,82409,Create Issue User 550 Ramp 1,201,Created,User 550 Ramp 1 1-64,text,true,,2915,1669,481,481,http://localhost:3000/v1/issue/create-issue,82409,0,19
1715851798377,82454,Create Issue User 550 Ramp 1,201,Created,User 550 Ramp 1 1-39,text,true,,2915,1669,480,480,http://localhost:3000/v1/issue/create-issue,82454,0,46
1715851798377,82471,Create Issue User 550 Ramp 1,201,Created,User 550 Ramp 1 1-9,text,true,,2915,1669,479,479,http://localhost:3000/v1/issue/create-issue,82471,0,46
1715851798433,82446,Create Issue User 550 Ramp 1,201,Created,User 550 Ramp 1 1-77,text,true,,2915,1669,478,478,http://localhost:3000/v1/issue/create-issue,82445,0,1
1715851798433,82526,Create Issue User 550 Ramp 1,201,Created,User 550 Ramp 1 1-80,text,true,,2915,1669,477,477,http://localhost:3000/v1/issue/create-issue,82526,0,1
1715851798419,82553,Create Issue User 550 Ramp 1,201,Created,User 550 Ramp 1 1-74,text,true,,2915,1669,476,476,http://localhost:3000/v1/issue/create-issue,82553,0,4
1715851798424,82612,Create Issue User 550 Ramp 1,201,Created,User 550 Ramp 1 1-75,text,true,,2915,1669,475,475,http://localhost:3000/v1/issue/create-issue,82612,0,4
1715851798436,82628,Create Issue User 550 Ramp 1,201,Created,User 550 Ramp 1 1-82,text,true,,2915,1669,474,474,http://localhost:3000/v1/issue/create-issue,82628,0,1
1715851798379,82697,Create Issue User 550 Ramp 1,201,Created,User 550 Ramp 1 1-5,text,true,,2915,1669,473,473,http://localhost:3000/v1/issue/create-issue,82696,0,44
1715851798433,82694,Create Issue User 550 Ramp 1,201,Created,User 550 Ramp 1 1-79,text,true,,2915,1669,472,472,http://localhost:3000/v1/issue/create-issue,82694,0,1
1715851798433,82705,Create Issue User 550 Ramp 1,201,Created,User 550 Ramp 1 1-76,text,true,,2915,1669,471,471,http://localhost:3000/v1/issue/create-issue,82705,0,1
1715851798433,82741,Create Issue User 550 Ramp 1,201,Created,User 550 Ramp 1 1-78,text,true,,2915,1669,470,470,http://localhost:3000/v1/issue/create-issue,82741,0,1
1715851798449,82744,Create Issue User 550 Ramp 1,201,Created,User 550 Ramp 1 1-88,text,true,,2915,1669,469,469,http://localhost:3000/v1/issue/create-issue,82744,0,1
1715851798436,82804,Create Issue User 550 Ramp 1,201,Created,User 550 Ramp 1 1-81,text,true,,2915,1669,468,468,http://localhost:3000/v1/issue/create-issue,82803,0,1
1715851798441,82807,Create Issue User 550 Ramp 1,201,Created,User 550 Ramp 1 1-84,text,true,,2915,1669,467,467,http://localhost:3000/v1/issue/create-issue,82807,0,1
1715851798446,82843,Create Issue User 550 Ramp 1,201,Created,User 550 Ramp 1 1-87,text,true,,2915,1669,466,466,http://localhost:3000/v1/issue/create-issue,82843,0,1
1715851798453,82845,Create Issue User 550 Ramp 1,201,Created,User 550 Ramp 1 1-89,text,true,,2915,1669,465,465,http://localhost:3000/v1/issue/create-issue,82844,0,1
1715851798443,82885,Create Issue User 550 Ramp 1,201,Created,User 550 Ramp 1 1-85,text,true,,2915,1669,464,464,http://localhost:3000/v1/issue/create-issue,82885,0,1
1715851798446,82892,Create Issue User 550 Ramp 1,201,Created,User 550 Ramp 1 1-86,text,true,,2915,1669,463,463,http://localhost:3000/v1/issue/create-issue,82892,0,1
1715851798438,82909,Create Issue User 550 Ramp 1,201,Created,User 550 Ramp 1 1-83,text,true,,2915,1669,462,462,http://localhost:3000/v1/issue/create-issue,82909,0,1
1715851798455,82955,Create Issue User 550 Ramp 1,201,Created,User 550 Ramp 1 1-91,text,true,,2915,1669,461,461,http://localhost:3000/v1/issue/create-issue,82955,0,0
1715851798458,82967,Create Issue User 550 Ramp 1,201,Created,User 550 Ramp 1 1-93,text,true,,2915,1669,460,460,http://localhost:3000/v1/issue/create-issue,82967,0,0
1715851798453,82989,Create Issue User 550 Ramp 1,201,Created,User 550 Ramp 1 1-90,text,true,,2915,1669,459,459,http://localhost:3000/v1/issue/create-issue,82989,0,1
1715851798463,83036,Create Issue User 550 Ramp 1,201,Created,User 550 Ramp 1 1-94,text,true,,2915,1669,458,458,http://localhost:3000/v1/issue/create-issue,83035,0,1
1715851798463,83061,Create Issue User 550 Ramp 1,201,Created,User 550 Ramp 1 1-95,text,true,,2915,1669,457,457,http://localhost:3000/v1/issue/create-issue,83061,0,1
1715851798470,83111,Create Issue User 550 Ramp 1,201,Created,User 550 Ramp 1 1-99,text,true,,2915,1669,456,456,http://localhost:3000/v1/issue/create-issue,83111,0,1
1715851798470,83146,Create Issue User 550 Ramp 1,201,Created,User 550 Ramp 1 1-98,text,true,,2915,1669,455,455,http://localhost:3000/v1/issue/create-issue,83145,0,1
1715851798478,83159,Create Issue User 550 Ramp 1,201,Created,User 550 Ramp 1 1-102,text,true,,2915,1669,454,454,http://localhost:3000/v1/issue/create-issue,83158,0,0
1715851798474,83183,Create Issue User 550 Ramp 1,201,Created,User 550 Ramp 1 1-101,text,true,,2915,1669,453,453,http://localhost:3000/v1/issue/create-issue,83183,0,1
1715851798473,83252,Create Issue User 550 Ramp 1,201,Created,User 550 Ramp 1 1-100,text,true,,2915,1669,452,452,http://localhost:3000/v1/issue/create-issue,83252,0,1
1715851798457,83282,Create Issue User 550 Ramp 1,201,Created,User 550 Ramp 1 1-92,text,true,,2915,1669,451,451,http://localhost:3000/v1/issue/create-issue,83281,0,1
1715851798479,83272,Create Issue User 550 Ramp 1,201,Created,User 550 Ramp 1 1-103,text,true,,2915,1669,450,450,http://localhost:3000/v1/issue/create-issue,83271,0,1
1715851798465,83329,Create Issue User 550 Ramp 1,201,Created,User 550 Ramp 1 1-96,text,true,,2915,1669,449,449,http://localhost:3000/v1/issue/create-issue,83329,0,1
1715851798466,83343,Create Issue User 550 Ramp 1,201,Created,User 550 Ramp 1 1-97,text,true,,2915,1669,448,448,http://localhost:3000/v1/issue/create-issue,83343,0,1
1715851798488,83344,Create Issue User 550 Ramp 1,201,Created,User 550 Ramp 1 1-108,text,true,,2915,1669,447,447,http://localhost:3000/v1/issue/create-issue,83343,0,0
1715851798483,83359,Create Issue User 550 Ramp 1,201,Created,User 550 Ramp 1 1-106,text,true,,2915,1669,446,446,http://localhost:3000/v1/issue/create-issue,83359,0,1
1715851798487,83364,Create Issue User 550 Ramp 1,201,Created,User 550 Ramp 1 1-107,text,true,,2915,1669,445,445,http://localhost:3000/v1/issue/create-issue,83364,0,0
1715851798479,83384,Create Issue User 550 Ramp 1,201,Created,User 550 Ramp 1 1-104,text,true,,2915,1669,444,444,http://localhost:3000/v1/issue/create-issue,83383,0,1
1715851798492,83448,Create Issue User 550 Ramp 1,201,Created,User 550 Ramp 1 1-109,text,true,,2915,1669,443,443,http://localhost:3000/v1/issue/create-issue,83448,0,0
1715851798481,83471,Create Issue User 550 Ramp 1,201,Created,User 550 Ramp 1 1-105,text,true,,2915,1669,442,442,http://localhost:3000/v1/issue/create-issue,83471,0,1
1715851798493,83498,Create Issue User 550 Ramp 1,201,Created,User 550 Ramp 1 1-110,text,true,,2915,1669,441,441,http://localhost:3000/v1/issue/create-issue,83498,0,0
1715851798500,83525,Create Issue User 550 Ramp 1,201,Created,User 550 Ramp 1 1-113,text,true,,2915,1669,440,440,http://localhost:3000/v1/issue/create-issue,83524,0,1
1715851798495,83569,Create Issue User 550 Ramp 1,201,Created,User 550 Ramp 1 1-111,text,true,,2915,1669,439,439,http://localhost:3000/v1/issue/create-issue,83569,0,1
1715851798498,83577,Create Issue User 550 Ramp 1,201,Created,User 550 Ramp 1 1-112,text,true,,2915,1669,438,438,http://localhost:3000/v1/issue/create-issue,83577,0,0
1715851798513,83572,Create Issue User 550 Ramp 1,201,Created,User 550 Ramp 1 1-120,text,true,,2915,1669,437,437,http://localhost:3000/v1/issue/create-issue,83572,0,1
1715851798507,83622,Create Issue User 550 Ramp 1,201,Created,User 550 Ramp 1 1-117,text,true,,2915,1669,436,436,http://localhost:3000/v1/issue/create-issue,83622,0,0
1715851798505,83634,Create Issue User 550 Ramp 1,201,Created,User 550 Ramp 1 1-116,text,true,,2915,1669,435,435,http://localhost:3000/v1/issue/create-issue,83634,0,1
1715851798502,83697,Create Issue User 550 Ramp 1,201,Created,User 550 Ramp 1 1-115,text,true,,2915,1669,434,434,http://localhost:3000/v1/issue/create-issue,83697,0,1
1715851798501,83747,Create Issue User 550 Ramp 1,201,Created,User 550 Ramp 1 1-114,text,true,,2915,1669,433,433,http://localhost:3000/v1/issue/create-issue,83747,0,1
1715851798510,83748,Create Issue User 550 Ramp 1,201,Created,User 550 Ramp 1 1-118,text,true,,2915,1669,432,432,http://localhost:3000/v1/issue/create-issue,83748,0,1
1715851798516,83895,Create Issue User 550 Ramp 1,201,Created,User 550 Ramp 1 1-121,text,true,,2915,1669,431,431,http://localhost:3000/v1/issue/create-issue,83895,0,1
1715851798531,84070,Create Issue User 550 Ramp 1,201,Created,User 550 Ramp 1 1-128,text,true,,2915,1669,430,430,http://localhost:3000/v1/issue/create-issue,84070,0,1
1715851798513,84127,Create Issue User 550 Ramp 1,201,Created,User 550 Ramp 1 1-119,text,true,,2915,1669,429,429,http://localhost:3000/v1/issue/create-issue,84127,0,1
1715851798519,84165,Create Issue User 550 Ramp 1,201,Created,User 550 Ramp 1 1-123,text,true,,2915,1669,428,428,http://localhost:3000/v1/issue/create-issue,84164,0,1
1715851798524,84498,Create Issue User 550 Ramp 1,201,Created,User 550 Ramp 1 1-125,text,true,,2915,1669,427,427,http://localhost:3000/v1/issue/create-issue,84498,0,1
1715851798532,84957,Create Issue User 550 Ramp 1,201,Created,User 550 Ramp 1 1-129,text,true,,2915,1669,426,426,http://localhost:3000/v1/issue/create-issue,84957,0,1
1715851798519,85309,Create Issue User 550 Ramp 1,201,Created,User 550 Ramp 1 1-122,text,true,,2915,1669,425,425,http://localhost:3000/v1/issue/create-issue,85309,0,1
1715851798541,85353,Create Issue User 550 Ramp 1,201,Created,User 550 Ramp 1 1-134,text,true,,2915,1669,424,424,http://localhost:3000/v1/issue/create-issue,85353,0,1
1715851798538,85612,Create Issue User 550 Ramp 1,201,Created,User 550 Ramp 1 1-132,text,true,,2915,1669,423,423,http://localhost:3000/v1/issue/create-issue,85612,0,1
1715851798540,85620,Create Issue User 550 Ramp 1,201,Created,User 550 Ramp 1 1-133,text,true,,2915,1669,422,422,http://localhost:3000/v1/issue/create-issue,85619,0,1
1715851798524,85826,Create Issue User 550 Ramp 1,201,Created,User 550 Ramp 1 1-124,text,true,,2915,1669,421,421,http://localhost:3000/v1/issue/create-issue,85826,0,1
1715851798592,85864,Create Issue User 550 Ramp 1,201,Created,User 550 Ramp 1 1-160,text,true,,2915,1669,420,420,http://localhost:3000/v1/issue/create-issue,85864,0,1
1715851798527,85985,Create Issue User 550 Ramp 1,201,Created,User 550 Ramp 1 1-126,text,true,,2915,1669,419,419,http://localhost:3000/v1/issue/create-issue,85985,0,1
1715851798537,86267,Create Issue User 550 Ramp 1,201,Created,User 550 Ramp 1 1-131,text,true,,2915,1669,418,418,http://localhost:3000/v1/issue/create-issue,86267,0,2
1715851798545,86339,Create Issue User 550 Ramp 1,201,Created,User 550 Ramp 1 1-135,text,true,,2915,1669,417,417,http://localhost:3000/v1/issue/create-issue,86338,0,1
1715851798533,86424,Create Issue User 550 Ramp 1,201,Created,User 550 Ramp 1 1-130,text,true,,2915,1669,416,416,http://localhost:3000/v1/issue/create-issue,86423,0,1
1715851798559,86415,Create Issue User 550 Ramp 1,201,Created,User 550 Ramp 1 1-142,text,true,,2915,1669,415,415,http://localhost:3000/v1/issue/create-issue,86414,0,1
1715851798554,86487,Create Issue User 550 Ramp 1,201,Created,User 550 Ramp 1 1-140,text,true,,2915,1669,414,414,http://localhost:3000/v1/issue/create-issue,86487,0,1
1715851798557,86686,Create Issue User 550 Ramp 1,201,Created,User 550 Ramp 1 1-141,text,true,,2915,1669,413,413,http://localhost:3000/v1/issue/create-issue,86686,0,1
1715851798594,86796,Create Issue User 550 Ramp 1,201,Created,User 550 Ramp 1 1-161,text,true,,2915,1669,412,412,http://localhost:3000/v1/issue/create-issue,86796,0,1
1715851798548,86990,Create Issue User 550 Ramp 1,201,Created,User 550 Ramp 1 1-138,text,true,,2915,1669,411,411,http://localhost:3000/v1/issue/create-issue,86990,0,1
1715851798570,86977,Create Issue User 550 Ramp 1,201,Created,User 550 Ramp 1 1-149,text,true,,2915,1669,410,410,http://localhost:3000/v1/issue/create-issue,86976,0,0
1715851798589,87050,Create Issue User 550 Ramp 1,201,Created,User 550 Ramp 1 1-158,text,true,,2915,1669,409,409,http://localhost:3000/v1/issue/create-issue,87050,0,2
1715851798562,87182,Create Issue User 550 Ramp 1,201,Created,User 550 Ramp 1 1-144,text,true,,2915,1669,408,408,http://localhost:3000/v1/issue/create-issue,87182,0,1
1715851798578,87178,Create Issue User 550 Ramp 1,201,Created,User 550 Ramp 1 1-153,text,true,,2915,1669,407,407,http://localhost:3000/v1/issue/create-issue,87178,0,1
1715851798547,87691,Create Issue User 550 Ramp 1,201,Created,User 550 Ramp 1 1-137,text,true,,2915,1669,406,406,http://localhost:3000/v1/issue/create-issue,87691,0,1
1715851798581,87669,Create Issue User 550 Ramp 1,201,Created,User 550 Ramp 1 1-154,text,true,,2915,1669,405,405,http://localhost:3000/v1/issue/create-issue,87669,0,1
1715851798668,88389,Create Issue User 550 Ramp 1,201,Created,User 550 Ramp 1 1-197,text,true,,2915,1669,404,404,http://localhost:3000/v1/issue/create-issue,88389,0,1
1715851798658,88733,Create Issue User 550 Ramp 1,201,Created,User 550 Ramp 1 1-192,text,true,,2915,1669,403,403,http://localhost:3000/v1/issue/create-issue,88732,0,1
1715851798566,88854,Create Issue User 550 Ramp 1,201,Created,User 550 Ramp 1 1-146,text,true,,2915,1669,402,402,http://localhost:3000/v1/issue/create-issue,88853,0,0
1715851798564,88931,Create Issue User 550 Ramp 1,201,Created,User 550 Ramp 1 1-145,text,true,,2915,1669,401,401,http://localhost:3000/v1/issue/create-issue,88931,0,0
1715851798610,88999,Create Issue User 550 Ramp 1,201,Created,User 550 Ramp 1 1-169,text,true,,2915,1669,400,400,http://localhost:3000/v1/issue/create-issue,88999,0,1
1715851798606,89019,Create Issue User 550 Ramp 1,201,Created,User 550 Ramp 1 1-167,text,true,,2915,1669,399,399,http://localhost:3000/v1/issue/create-issue,89019,0,1
1715851798597,89075,Create Issue User 550 Ramp 1,201,Created,User 550 Ramp 1 1-163,text,true,,2915,1669,398,398,http://localhost:3000/v1/issue/create-issue,89075,0,1
1715851798551,89276,Create Issue User 550 Ramp 1,201,Created,User 550 Ramp 1 1-139,text,true,,2915,1669,397,397,http://localhost:3000/v1/issue/create-issue,89276,0,1
1715851798566,89272,Create Issue User 550 Ramp 1,201,Created,User 550 Ramp 1 1-147,text,true,,2915,1669,396,396,http://localhost:3000/v1/issue/create-issue,89272,0,1
1715851798582,89346,Create Issue User 550 Ramp 1,201,Created,User 550 Ramp 1 1-155,text,true,,2915,1669,395,395,http://localhost:3000/v1/issue/create-issue,89345,0,1
1715851798576,89502,Create Issue User 550 Ramp 1,201,Created,User 550 Ramp 1 1-152,text,true,,2915,1669,394,394,http://localhost:3000/v1/issue/create-issue,89501,0,1
1715851798618,89562,Create Issue User 550 Ramp 1,201,Created,User 550 Ramp 1 1-172,text,true,,2915,1669,393,393,http://localhost:3000/v1/issue/create-issue,89561,0,1
1715851798626,89625,Create Issue User 550 Ramp 1,201,Created,User 550 Ramp 1 1-176,text,true,,2915,1669,392,392,http://localhost:3000/v1/issue/create-issue,89624,0,0
1715851798568,89692,Create Issue User 550 Ramp 1,201,Created,User 550 Ramp 1 1-148,text,true,,2915,1669,391,391,http://localhost:3000/v1/issue/create-issue,89692,0,0
1715851798601,89683,Create Issue User 550 Ramp 1,201,Created,User 550 Ramp 1 1-164,text,true,,2915,1669,390,390,http://localhost:3000/v1/issue/create-issue,89683,0,1
1715851798545,89748,Create Issue User 550 Ramp 1,201,Created,User 550 Ramp 1 1-136,text,true,,2915,1669,389,389,http://localhost:3000/v1/issue/create-issue,89747,0,1
1715851798559,89787,Create Issue User 550 Ramp 1,201,Created,User 550 Ramp 1 1-143,text,true,,2915,1669,388,388,http://localhost:3000/v1/issue/create-issue,89786,0,1
1715851798697,89694,Create Issue User 550 Ramp 1,201,Created,User 550 Ramp 1 1-213,text,true,,2915,1669,387,387,http://localhost:3000/v1/issue/create-issue,89694,0,1
1715851798618,89848,Create Issue User 550 Ramp 1,201,Created,User 550 Ramp 1 1-173,text,true,,2915,1669,386,386,http://localhost:3000/v1/issue/create-issue,89848,0,1
1715851798630,89847,Create Issue User 550 Ramp 1,201,Created,User 550 Ramp 1 1-177,text,true,,2915,1669,385,385,http://localhost:3000/v1/issue/create-issue,89847,0,0
1715851798799,89693,Create Issue User 550 Ramp 1,201,Created,User 550 Ramp 1 1-264,text,true,,2915,1669,384,384,http://localhost:3000/v1/issue/create-issue,89693,0,0
1715851798725,89955,Create Issue User 550 Ramp 1,201,Created,User 550 Ramp 1 1-227,text,true,,2915,1669,383,383,http://localhost:3000/v1/issue/create-issue,89955,0,1
1715851798528,90594,Create Issue User 550 Ramp 1,201,Created,User 550 Ramp 1 1-127,text,true,,2915,1669,382,382,http://localhost:3000/v1/issue/create-issue,90594,0,1
1715851798586,90635,Create Issue User 550 Ramp 1,201,Created,User 550 Ramp 1 1-157,text,true,,2915,1669,381,381,http://localhost:3000/v1/issue/create-issue,90635,0,1
1715851798654,91180,Create Issue User 550 Ramp 1,201,Created,User 550 Ramp 1 1-190,text,true,,2915,1669,380,380,http://localhost:3000/v1/issue/create-issue,91180,0,1
1715851798604,91328,Create Issue User 550 Ramp 1,201,Created,User 550 Ramp 1 1-166,text,true,,2915,1669,379,379,http://localhost:3000/v1/issue/create-issue,91327,0,1
1715851798655,91332,Create Issue User 550 Ramp 1,201,Created,User 550 Ramp 1 1-191,text,true,,2915,1669,378,378,http://localhost:3000/v1/issue/create-issue,91332,0,0
1715851798660,91337,Create Issue User 550 Ramp 1,201,Created,User 550 Ramp 1 1-193,text,true,,2915,1669,377,377,http://localhost:3000/v1/issue/create-issue,91337,0,1
1715851798635,91760,Create Issue User 550 Ramp 1,201,Created,User 550 Ramp 1 1-181,text,true,,2915,1669,376,376,http://localhost:3000/v1/issue/create-issue,91760,0,1
1715851798639,91852,Create Issue User 550 Ramp 1,201,Created,User 550 Ramp 1 1-183,text,true,,2915,1669,375,375,http://localhost:3000/v1/issue/create-issue,91852,0,0
1715851798636,91968,Create Issue User 550 Ramp 1,201,Created,User 550 Ramp 1 1-182,text,true,,2915,1669,374,374,http://localhost:3000/v1/issue/create-issue,91967,0,0
1715851798668,91948,Create Issue User 550 Ramp 1,201,Created,User 550 Ramp 1 1-198,text,true,,2915,1669,373,373,http://localhost:3000/v1/issue/create-issue,91948,0,1
1715851798604,92210,Create Issue User 550 Ramp 1,201,Created,User 550 Ramp 1 1-165,text,true,,2915,1669,372,372,http://localhost:3000/v1/issue/create-issue,92210,0,1
1715851798654,92170,Create Issue User 550 Ramp 1,201,Created,User 550 Ramp 1 1-189,text,true,,2915,1669,371,371,http://localhost:3000/v1/issue/create-issue,92170,0,1
1715851798654,92264,Create Issue User 550 Ramp 1,201,Created,User 550 Ramp 1 1-188,text,true,,2915,1669,370,370,http://localhost:3000/v1/issue/create-issue,92264,0,1
1715851798589,92516,Create Issue User 550 Ramp 1,201,Created,User 550 Ramp 1 1-159,text,true,,2915,1669,369,369,http://localhost:3000/v1/issue/create-issue,92516,0,2
1715851798691,92599,Create Issue User 550 Ramp 1,201,Created,User 550 Ramp 1 1-209,text,true,,2915,1669,368,368,http://localhost:3000/v1/issue/create-issue,92599,0,1
1715851798704,92955,Create Issue User 550 Ramp 1,201,Created,User 550 Ramp 1 1-216,text,true,,2915,1669,367,367,http://localhost:3000/v1/issue/create-issue,92955,0,0
1715851798616,93108,Create Issue User 550 Ramp 1,201,Created,User 550 Ramp 1 1-171,text,true,,2915,1669,366,366,http://localhost:3000/v1/issue/create-issue,93108,0,1
1715851798714,93578,Create Issue User 550 Ramp 1,201,Created,User 550 Ramp 1 1-221,text,true,,2915,1669,365,365,http://localhost:3000/v1/issue/create-issue,93578,0,0
1715851798664,93640,Create Issue User 550 Ramp 1,201,Created,User 550 Ramp 1 1-196,text,true,,2915,1669,364,364,http://localhost:3000/v1/issue/create-issue,93640,0,0
1715851798665,93744,Create Issue User 550 Ramp 1,201,Created,User 550 Ramp 1 1-195,text,true,,2915,1669,363,363,http://localhost:3000/v1/issue/create-issue,93744,0,1
1715851798772,93712,Create Issue User 550 Ramp 1,201,Created,User 550 Ramp 1 1-249,text,true,,2915,1669,362,362,http://localhost:3000/v1/issue/create-issue,93712,0,1
1715851798640,94084,Create Issue User 550 Ramp 1,201,Created,User 550 Ramp 1 1-184,text,true,,2915,1669,361,361,http://localhost:3000/v1/issue/create-issue,94084,0,1
1715851798710,94027,Create Issue User 550 Ramp 1,201,Created,User 550 Ramp 1 1-219,text,true,,2915,1669,360,360,http://localhost:3000/v1/issue/create-issue,94027,0,0
1715851798650,94218,Create Issue User 550 Ramp 1,201,Created,User 550 Ramp 1 1-187,text,true,,2915,1669,359,359,http://localhost:3000/v1/issue/create-issue,94217,0,0
1715851798678,94440,Create Issue User 550 Ramp 1,201,Created,User 550 Ramp 1 1-202,text,true,,2915,1669,358,358,http://localhost:3000/v1/issue/create-issue,94440,0,1
1715851798631,94500,Create Issue User 550 Ramp 1,201,Created,User 550 Ramp 1 1-178,text,true,,2915,1669,357,357,http://localhost:3000/v1/issue/create-issue,94499,0,1
1715851798613,94895,Create Issue User 550 Ramp 1,201,Created,User 550 Ramp 1 1-170,text,true,,2915,1669,356,356,http://localhost:3000/v1/issue/create-issue,94895,0,1
1715851798610,95294,Create Issue User 550 Ramp 1,201,Created,User 550 Ramp 1 1-168,text,true,,2915,1669,355,355,http://localhost:3000/v1/issue/create-issue,95293,0,1
1715851798585,95368,Create Issue User 550 Ramp 1,201,Created,User 550 Ramp 1 1-156,text,true,,2915,1669,354,354,http://localhost:3000/v1/issue/create-issue,95368,0,2
1715851798905,95097,Create Issue User 550 Ramp 1,201,Created,User 550 Ramp 1 1-316,text,true,,2915,1669,353,353,http://localhost:3000/v1/issue/create-issue,95097,0,0
1715851798623,95514,Create Issue User 550 Ramp 1,201,Created,User 550 Ramp 1 1-175,text,true,,2915,1669,352,352,http://localhost:3000/v1/issue/create-issue,95514,0,0
1715851798756,95391,Create Issue User 550 Ramp 1,201,Created,User 550 Ramp 1 1-241,text,true,,2915,1669,351,351,http://localhost:3000/v1/issue/create-issue,95391,0,1
1715851798710,95569,Create Issue User 550 Ramp 1,201,Created,User 550 Ramp 1 1-218,text,true,,2915,1669,350,350,http://localhost:3000/v1/issue/create-issue,95569,0,0
1715851798682,95640,Create Issue User 550 Ramp 1,201,Created,User 550 Ramp 1 1-204,text,true,,2915,1669,349,349,http://localhost:3000/v1/issue/create-issue,95640,0,0
1715851798721,95612,Create Issue User 550 Ramp 1,201,Created,User 550 Ramp 1 1-225,text,true,,2915,1669,348,348,http://localhost:3000/v1/issue/create-issue,95611,0,1
1715851798688,95655,Create Issue User 550 Ramp 1,201,Created,User 550 Ramp 1 1-207,text,true,,2915,1669,347,347,http://localhost:3000/v1/issue/create-issue,95654,0,1
1715851798731,95832,Create Issue User 550 Ramp 1,201,Created,User 550 Ramp 1 1-229,text,true,,2915,1669,346,346,http://localhost:3000/v1/issue/create-issue,95831,0,1
1715851798642,95994,Create Issue User 550 Ramp 1,201,Created,User 550 Ramp 1 1-185,text,true,,2915,1669,345,345,http://localhost:3000/v1/issue/create-issue,95994,0,0
1715851798786,95922,Create Issue User 550 Ramp 1,201,Created,User 550 Ramp 1 1-257,text,true,,2915,1669,344,344,http://localhost:3000/v1/issue/create-issue,95922,0,1
1715851798633,96085,Create Issue User 550 Ramp 1,201,Created,User 550 Ramp 1 1-180,text,true,,2915,1669,343,343,http://localhost:3000/v1/issue/create-issue,96084,0,0
1715851798877,96850,Create Issue User 550 Ramp 1,201,Created,User 550 Ramp 1 1-302,text,true,,2915,1669,342,342,http://localhost:3000/v1/issue/create-issue,96850,0,0
1715851798621,97422,Create Issue User 550 Ramp 1,201,Created,User 550 Ramp 1 1-174,text,true,,2915,1669,341,341,http://localhost:3000/v1/issue/create-issue,97422,0,1
1715851798596,98144,Create Issue User 550 Ramp 1,201,Created,User 550 Ramp 1 1-162,text,true,,2915,1669,340,340,http://localhost:3000/v1/issue/create-issue,98143,0,1
1715851798675,100437,Create Issue User 550 Ramp 1,201,Created,User 550 Ramp 1 1-201,text,true,,2915,1669,339,339,http://localhost:3000/v1/issue/create-issue,100436,0,0
1715851798842,100425,Create Issue User 550 Ramp 1,201,Created,User 550 Ramp 1 1-285,text,true,,2915,1669,338,338,http://localhost:3000/v1/issue/create-issue,100425,0,0
1715851798647,100715,Create Issue User 550 Ramp 1,201,Created,User 550 Ramp 1 1-186,text,true,,2915,1669,337,337,http://localhost:3000/v1/issue/create-issue,100715,0,1
1715851798573,100841,Create Issue User 550 Ramp 1,201,Created,User 550 Ramp 1 1-150,text,true,,2915,1669,336,336,http://localhost:3000/v1/issue/create-issue,100841,0,1
1715851798632,100800,Create Issue User 550 Ramp 1,201,Created,User 550 Ramp 1 1-179,text,true,,2915,1669,335,335,http://localhost:3000/v1/issue/create-issue,100800,0,0
1715851798900,100542,Create Issue User 550 Ramp 1,201,Created,User 550 Ramp 1 1-313,text,true,,2915,1669,334,334,http://localhost:3000/v1/issue/create-issue,100542,0,1
1715851798575,100916,Create Issue User 550 Ramp 1,201,Created,User 550 Ramp 1 1-151,text,true,,2915,1669,333,333,http://localhost:3000/v1/issue/create-issue,100915,0,1
1715851798748,100828,Create Issue User 550 Ramp 1,201,Created,User 550 Ramp 1 1-238,text,true,,2915,1669,332,332,http://localhost:3000/v1/issue/create-issue,100828,0,1
1715851798733,100853,Create Issue User 550 Ramp 1,201,Created,User 550 Ramp 1 1-230,text,true,,2915,1669,331,331,http://localhost:3000/v1/issue/create-issue,100853,0,1
1715851798808,100843,Create Issue User 550 Ramp 1,201,Created,User 550 Ramp 1 1-268,text,true,,2915,1669,330,330,http://localhost:3000/v1/issue/create-issue,100843,0,1
1715851798721,100939,Create Issue User 550 Ramp 1,201,Created,User 550 Ramp 1 1-224,text,true,,2915,1669,329,329,http://localhost:3000/v1/issue/create-issue,100939,0,1
1715851798793,100958,Create Issue User 550 Ramp 1,201,Created,User 550 Ramp 1 1-261,text,true,,2915,1669,328,328,http://localhost:3000/v1/issue/create-issue,100958,0,1
1715851798769,101589,Create Issue User 550 Ramp 1,201,Created,User 550 Ramp 1 1-248,text,true,,2915,1669,327,327,http://localhost:3000/v1/issue/create-issue,101589,0,1
1715851798783,103327,Create Issue User 550 Ramp 1,201,Created,User 550 Ramp 1 1-254,text,true,,2915,1669,326,326,http://localhost:3000/v1/issue/create-issue,103327,0,1
1715851798660,103575,Create Issue User 550 Ramp 1,201,Created,User 550 Ramp 1 1-194,text,true,,2915,1669,325,325,http://localhost:3000/v1/issue/create-issue,103575,0,1
1715851798702,103957,Create Issue User 550 Ramp 1,201,Created,User 550 Ramp 1 1-215,text,true,,2915,1669,324,324,http://localhost:3000/v1/issue/create-issue,103957,0,1
1715851798919,105748,Create Issue User 550 Ramp 1,201,Created,User 550 Ramp 1 1-323,text,true,,2915,1669,323,323,http://localhost:3000/v1/issue/create-issue,105748,0,1
1715851798695,106040,Create Issue User 550 Ramp 1,201,Created,User 550 Ramp 1 1-212,text,true,,2915,1669,322,322,http://localhost:3000/v1/issue/create-issue,106040,0,1
1715851798876,105868,Create Issue User 550 Ramp 1,201,Created,User 550 Ramp 1 1-301,text,true,,2915,1669,321,321,http://localhost:3000/v1/issue/create-issue,105867,0,0
1715851798736,106019,Create Issue User 550 Ramp 1,201,Created,User 550 Ramp 1 1-232,text,true,,2915,1669,320,320,http://localhost:3000/v1/issue/create-issue,106019,0,1
1715851798725,106083,Create Issue User 550 Ramp 1,201,Created,User 550 Ramp 1 1-226,text,true,,2915,1669,319,319,http://localhost:3000/v1/issue/create-issue,106083,0,0
1715851798792,106110,Create Issue User 550 Ramp 1,201,Created,User 550 Ramp 1 1-259,text,true,,2915,1669,318,318,http://localhost:3000/v1/issue/create-issue,106110,0,1
1715851798680,106231,Create Issue User 550 Ramp 1,201,Created,User 550 Ramp 1 1-203,text,true,,2915,1669,317,317,http://localhost:3000/v1/issue/create-issue,106231,0,0
1715851798837,106087,Create Issue User 550 Ramp 1,201,Created,User 550 Ramp 1 1-282,text,true,,2915,1669,316,316,http://localhost:3000/v1/issue/create-issue,106087,0,0
1715851798729,106884,Create Issue User 550 Ramp 1,201,Created,User 550 Ramp 1 1-228,text,true,,2915,1669,315,315,http://localhost:3000/v1/issue/create-issue,106884,0,0
1715851798673,107678,Create Issue User 550 Ramp 1,201,Created,User 550 Ramp 1 1-199,text,true,,2915,1669,314,314,http://localhost:3000/v1/issue/create-issue,107678,0,0
1715851798826,107749,Create Issue User 550 Ramp 1,201,Created,User 550 Ramp 1 1-277,text,true,,2915,1669,313,313,http://localhost:3000/v1/issue/create-issue,107749,0,1
1715851798674,108962,Create Issue User 550 Ramp 1,201,Created,User 550 Ramp 1 1-200,text,true,,2915,1669,312,312,http://localhost:3000/v1/issue/create-issue,108962,0,1
1715851798863,110604,Create Issue User 550 Ramp 1,201,Created,User 550 Ramp 1 1-296,text,true,,2915,1669,311,311,http://localhost:3000/v1/issue/create-issue,110604,0,1
1715851798949,110571,Create Issue User 550 Ramp 1,201,Created,User 550 Ramp 1 1-338,text,true,,2915,1669,310,310,http://localhost:3000/v1/issue/create-issue,110570,0,0
1715851798742,110791,Create Issue User 550 Ramp 1,201,Created,User 550 Ramp 1 1-234,text,true,,2915,1669,309,309,http://localhost:3000/v1/issue/create-issue,110791,0,1
1715851798717,110976,Create Issue User 550 Ramp 1,201,Created,User 550 Ramp 1 1-223,text,true,,2915,1669,308,308,http://localhost:3000/v1/issue/create-issue,110976,0,1
1715851798896,110810,Create Issue User 550 Ramp 1,201,Created,User 550 Ramp 1 1-307,text,true,,2915,1669,307,307,http://localhost:3000/v1/issue/create-issue,110810,0,0
1715851798689,111030,Create Issue User 550 Ramp 1,201,Created,User 550 Ramp 1 1-208,text,true,,2915,1669,306,306,http://localhost:3000/v1/issue/create-issue,111030,0,1
1715851798830,110972,Create Issue User 550 Ramp 1,201,Created,User 550 Ramp 1 1-279,text,true,,2915,1669,305,305,http://localhost:3000/v1/issue/create-issue,110972,0,0
1715851798946,110885,Create Issue User 550 Ramp 1,201,Created,User 550 Ramp 1 1-337,text,true,,2915,1669,304,304,http://localhost:3000/v1/issue/create-issue,110884,0,0
1715851798837,111046,Create Issue User 550 Ramp 1,201,Created,User 550 Ramp 1 1-283,text,true,,2915,1669,303,303,http://localhost:3000/v1/issue/create-issue,111045,0,1
1715851798883,111085,Create Issue User 550 Ramp 1,201,Created,User 550 Ramp 1 1-305,text,true,,2915,1669,302,302,http://localhost:3000/v1/issue/create-issue,111085,0,12
1715851798780,111363,Create Issue User 550 Ramp 1,201,Created,User 550 Ramp 1 1-253,text,true,,2915,1669,301,301,http://localhost:3000/v1/issue/create-issue,111363,0,1
1715851798900,111252,Create Issue User 550 Ramp 1,201,Created,User 550 Ramp 1 1-314,text,true,,2915,1669,300,300,http://localhost:3000/v1/issue/create-issue,111252,0,1
1715851798819,111488,Create Issue User 550 Ramp 1,201,Created,User 550 Ramp 1 1-273,text,true,,2915,1669,299,299,http://localhost:3000/v1/issue/create-issue,111487,0,0
1715851798911,111931,Create Issue User 550 Ramp 1,201,Created,User 550 Ramp 1 1-319,text,true,,2915,1669,298,298,http://localhost:3000/v1/issue/create-issue,111931,0,0
1715851798762,112816,Create Issue User 550 Ramp 1,201,Created,User 550 Ramp 1 1-244,text,true,,2915,1669,297,297,http://localhost:3000/v1/issue/create-issue,112816,0,1
1715851798738,112862,Create Issue User 550 Ramp 1,201,Created,User 550 Ramp 1 1-233,text,true,,2915,1669,296,296,http://localhost:3000/v1/issue/create-issue,112862,0,1
1715851798712,113096,Create Issue User 550 Ramp 1,201,Created,User 550 Ramp 1 1-220,text,true,,2915,1669,295,295,http://localhost:3000/v1/issue/create-issue,113096,0,0
1715851798820,112999,Create Issue User 550 Ramp 1,201,Created,User 550 Ramp 1 1-274,text,true,,2915,1669,294,294,http://localhost:3000/v1/issue/create-issue,112999,0,1
1715851798902,113164,Create Issue User 550 Ramp 1,201,Created,User 550 Ramp 1 1-315,text,true,,2915,1669,293,293,http://localhost:3000/v1/issue/create-issue,113164,0,0
1715851798766,113308,Create Issue User 550 Ramp 1,201,Created,User 550 Ramp 1 1-246,text,true,,2915,1669,292,292,http://localhost:3000/v1/issue/create-issue,113308,0,1
1715851798776,113506,Create Issue User 550 Ramp 1,201,Created,User 550 Ramp 1 1-252,text,true,,2915,1669,291,291,http://localhost:3000/v1/issue/create-issue,113506,0,1
1715851798895,113407,Create Issue User 550 Ramp 1,201,Created,User 550 Ramp 1 1-310,text,true,,2915,1669,290,290,http://localhost:3000/v1/issue/create-issue,113407,0,1
1715851798821,113601,Create Issue User 550 Ramp 1,201,Created,User 550 Ramp 1 1-275,text,true,,2915,1669,289,289,http://localhost:3000/v1/issue/create-issue,113601,0,1
1715851798990,113818,Create Issue User 550 Ramp 1,201,Created,User 550 Ramp 1 1-358,text,true,,2915,1669,288,288,http://localhost:3000/v1/issue/create-issue,113817,0,0
1715851798744,114498,Create Issue User 550 Ramp 1,201,Created,User 550 Ramp 1 1-236,text,true,,2915,1669,287,287,http://localhost:3000/v1/issue/create-issue,114498,0,1
1715851798683,114853,Create Issue User 550 Ramp 1,201,Created,User 550 Ramp 1 1-205,text,true,,2915,1669,286,286,http://localhost:3000/v1/issue/create-issue,114853,0,1
1715851798735,115657,Create Issue User 550 Ramp 1,201,Created,User 550 Ramp 1 1-231,text,true,,2915,1669,285,285,http://localhost:3000/v1/issue/create-issue,115657,0,0
1715851798925,115500,Create Issue User 550 Ramp 1,201,Created,User 550 Ramp 1 1-326,text,true,,2915,1669,284,284,http://localhost:3000/v1/issue/create-issue,115500,0,0
1715851798930,115508,Create Issue User 550 Ramp 1,201,Created,User 550 Ramp 1 1-328,text,true,,2915,1669,283,283,http://localhost:3000/v1/issue/create-issue,115508,0,1
1715851798895,115621,Create Issue User 550 Ramp 1,201,Created,User 550 Ramp 1 1-306,text,true,,2915,1669,282,282,http://localhost:3000/v1/issue/create-issue,115621,0,1
1715851798909,115619,Create Issue User 550 Ramp 1,201,Created,User 550 Ramp 1 1-317,text,true,,2915,1669,281,281,http://localhost:3000/v1/issue/create-issue,115618,0,0
1715851798866,115703,Create Issue User 550 Ramp 1,201,Created,User 550 Ramp 1 1-297,text,true,,2915,1669,280,280,http://localhost:3000/v1/issue/create-issue,115703,0,0
1715851798772,115822,Create Issue User 550 Ramp 1,201,Created,User 550 Ramp 1 1-250,text,true,,2915,1669,279,279,http://localhost:3000/v1/issue/create-issue,115822,0,1
1715851798742,115907,Create Issue User 550 Ramp 1,201,Created,User 550 Ramp 1 1-235,text,true,,2915,1669,278,278,http://localhost:3000/v1/issue/create-issue,115907,0,1
1715851798945,115713,Create Issue User 550 Ramp 1,201,Created,User 550 Ramp 1 1-335,text,true,,2915,1669,277,277,http://localhost:3000/v1/issue/create-issue,115713,0,0
1715851798854,115818,Create Issue User 550 Ramp 1,201,Created,User 550 Ramp 1 1-291,text,true,,2915,1669,276,276,http://localhost:3000/v1/issue/create-issue,115817,0,0
1715851798745,116366,Create Issue User 550 Ramp 1,201,Created,User 550 Ramp 1 1-237,text,true,,2915,1669,275,275,http://localhost:3000/v1/issue/create-issue,116366,0,1
1715851798785,116432,Create Issue User 550 Ramp 1,201,Created,User 550 Ramp 1 1-256,text,true,,2915,1669,274,274,http://localhost:3000/v1/issue/create-issue,116432,0,1
1715851798837,116390,Create Issue User 550 Ramp 1,201,Created,User 550 Ramp 1 1-281,text,true,,2915,1669,273,273,http://localhost:3000/v1/issue/create-issue,116390,0,0
1715851798832,116442,Create Issue User 550 Ramp 1,201,Created,User 550 Ramp 1 1-280,text,true,,2915,1669,272,272,http://localhost:3000/v1/issue/create-issue,116442,0,0
1715851799030,116307,Create Issue User 550 Ramp 1,201,Created,User 550 Ramp 1 1-379,text,true,,2915,1669,271,271,http://localhost:3000/v1/issue/create-issue,116306,0,1
1715851798967,116500,Create Issue User 550 Ramp 1,201,Created,User 550 Ramp 1 1-347,text,true,,2915,1669,270,270,http://localhost:3000/v1/issue/create-issue,116500,0,0
1715851798717,116761,Create Issue User 550 Ramp 1,201,Created,User 550 Ramp 1 1-222,text,true,,2915,1669,269,269,http://localhost:3000/v1/issue/create-issue,116761,0,1
1715851798804,116696,Create Issue User 550 Ramp 1,201,Created,User 550 Ramp 1 1-265,text,true,,2915,1669,268,268,http://localhost:3000/v1/issue/create-issue,116695,0,1
1715851798776,116895,Create Issue User 550 Ramp 1,201,Created,User 550 Ramp 1 1-251,text,true,,2915,1669,267,267,http://localhost:3000/v1/issue/create-issue,116895,0,1
1715851798874,116997,Create Issue User 550 Ramp 1,201,Created,User 550 Ramp 1 1-300,text,true,,2915,1669,266,266,http://localhost:3000/v1/issue/create-issue,116997,0,0
1715851798845,117143,Create Issue User 550 Ramp 1,201,Created,User 550 Ramp 1 1-287,text,true,,2915,1669,265,265,http://localhost:3000/v1/issue/create-issue,117143,0,1
1715851798993,117006,Create Issue User 550 Ramp 1,201,Created,User 550 Ramp 1 1-360,text,true,,2915,1669,264,264,http://localhost:3000/v1/issue/create-issue,117006,0,0
1715851798915,117127,Create Issue User 550 Ramp 1,201,Created,User 550 Ramp 1 1-320,text,true,,2915,1669,263,263,http://localhost:3000/v1/issue/create-issue,117127,0,0
1715851798849,117202,Create Issue User 550 Ramp 1,201,Created,User 550 Ramp 1 1-288,text,true,,2915,1669,262,262,http://localhost:3000/v1/issue/create-issue,117202,0,0
1715851798815,117398,Create Issue User 550 Ramp 1,201,Created,User 550 Ramp 1 1-271,text,true,,2915,1669,261,261,http://localhost:3000/v1/issue/create-issue,117397,0,1
1715851798980,117329,Create Issue User 550 Ramp 1,201,Created,User 550 Ramp 1 1-354,text,true,,2915,1669,260,260,http://localhost:3000/v1/issue/create-issue,117329,0,0
1715851798693,117743,Create Issue User 550 Ramp 1,201,Created,User 550 Ramp 1 1-211,text,true,,2915,1669,259,259,http://localhost:3000/v1/issue/create-issue,117743,0,1
1715851799025,117478,Create Issue User 550 Ramp 1,201,Created,User 550 Ramp 1 1-376,text,true,,2915,1669,258,258,http://localhost:3000/v1/issue/create-issue,117478,0,1
1715851798957,117839,Create Issue User 550 Ramp 1,201,Created,User 550 Ramp 1 1-341,text,true,,2915,1669,257,257,http://localhost:3000/v1/issue/create-issue,117839,0,0
1715851798974,118036,Create Issue User 550 Ramp 1,201,Created,User 550 Ramp 1 1-350,text,true,,2915,1669,256,256,http://localhost:3000/v1/issue/create-issue,118035,0,0
1715851798869,118178,Create Issue User 550 Ramp 1,201,Created,User 550 Ramp 1 1-298,text,true,,2915,1669,255,255,http://localhost:3000/v1/issue/create-issue,118178,0,0
1715851798896,118773,Create Issue User 550 Ramp 1,201,Created,User 550 Ramp 1 1-312,text,true,,2915,1669,254,254,http://localhost:3000/v1/issue/create-issue,118773,0,1
1715851798997,119096,Create Issue User 550 Ramp 1,201,Created,User 550 Ramp 1 1-362,text,true,,2915,1669,253,253,http://localhost:3000/v1/issue/create-issue,119095,0,0
1715851798988,119449,Create Issue User 550 Ramp 1,201,Created,User 550 Ramp 1 1-357,text,true,,2915,1669,252,252,http://localhost:3000/v1/issue/create-issue,119449,0,0
1715851798786,119694,Create Issue User 550 Ramp 1,201,Created,User 550 Ramp 1 1-255,text,true,,2915,1669,251,251,http://localhost:3000/v1/issue/create-issue,119694,0,1
1715851798940,119581,Create Issue User 550 Ramp 1,201,Created,User 550 Ramp 1 1-334,text,true,,2915,1669,250,250,http://localhost:3000/v1/issue/create-issue,119581,0,1
1715851798986,119550,Create Issue User 550 Ramp 1,201,Created,User 550 Ramp 1 1-356,text,true,,2915,1669,249,249,http://localhost:3000/v1/issue/create-issue,119550,0,0
1715851798766,119779,Create Issue User 550 Ramp 1,201,Created,User 550 Ramp 1 1-247,text,true,,2915,1669,248,248,http://localhost:3000/v1/issue/create-issue,119779,0,1
1715851798880,119681,Create Issue User 550 Ramp 1,201,Created,User 550 Ramp 1 1-303,text,true,,2915,1669,247,247,http://localhost:3000/v1/issue/create-issue,119681,0,0
1715851798751,119819,Create Issue User 550 Ramp 1,201,Created,User 550 Ramp 1 1-240,text,true,,2915,1669,246,246,http://localhost:3000/v1/issue/create-issue,119819,0,0
1715851798880,119714,Create Issue User 550 Ramp 1,201,Created,User 550 Ramp 1 1-304,text,true,,2915,1669,245,245,http://localhost:3000/v1/issue/create-issue,119714,0,0
1715851798916,119752,Create Issue User 550 Ramp 1,201,Created,User 550 Ramp 1 1-321,text,true,,2915,1669,244,244,http://localhost:3000/v1/issue/create-issue,119752,0,1
1715851798829,119912,Create Issue User 550 Ramp 1,201,Created,User 550 Ramp 1 1-278,text,true,,2915,1669,243,243,http://localhost:3000/v1/issue/create-issue,119912,0,0
1715851799041,119710,Create Issue User 550 Ramp 1,201,Created,User 550 Ramp 1 1-384,text,true,,2915,1669,242,242,http://localhost:3000/v1/issue/create-issue,119710,0,1
1715851798928,119831,Create Issue User 550 Ramp 1,201,Created,User 550 Ramp 1 1-327,text,true,,2915,1669,241,241,http://localhost:3000/v1/issue/create-issue,119831,0,1
1715851799159,119616,Create Issue User 550 Ramp 1,201,Created,User 550 Ramp 1 1-443,text,true,,2915,1669,240,240,http://localhost:3000/v1/issue/create-issue,119616,0,0
1715851798973,119813,Create Issue User 550 Ramp 1,201,Created,User 550 Ramp 1 1-349,text,true,,2915,1669,239,239,http://localhost:3000/v1/issue/create-issue,119812,0,0
1715851799155,119651,Create Issue User 550 Ramp 1,201,Created,User 550 Ramp 1 1-441,text,true,,2915,1669,238,238,http://localhost:3000/v1/issue/create-issue,119650,0,0
1715851798753,120064,Create Issue User 550 Ramp 1,201,Created,User 550 Ramp 1 1-239,text,true,,2915,1669,237,237,http://localhost:3000/v1/issue/create-issue,120063,0,1
1715851798961,119878,Create Issue User 550 Ramp 1,201,Created,User 550 Ramp 1 1-344,text,true,,2915,1669,236,236,http://localhost:3000/v1/issue/create-issue,119878,0,0
1715851798995,119854,Create Issue User 550 Ramp 1,201,Created,User 550 Ramp 1 1-361,text,true,,2915,1669,235,235,http://localhost:3000/v1/issue/create-issue,119854,0,0
1715851798699,120196,Create Issue User 550 Ramp 1,201,Created,User 550 Ramp 1 1-214,text,true,,2915,1669,234,234,http://localhost:3000/v1/issue/create-issue,120196,0,1
1715851798817,120151,Create Issue User 550 Ramp 1,201,Created,User 550 Ramp 1 1-272,text,true,,2915,1669,233,233,http://localhost:3000/v1/issue/create-issue,120151,0,0
1715851799058,119920,Create Issue User 550 Ramp 1,201,Created,User 550 Ramp 1 1-392,text,true,,2915,1669,232,232,http://localhost:3000/v1/issue/create-issue,119920,0,1
1715851799003,120012,Create Issue User 550 Ramp 1,201,Created,User 550 Ramp 1 1-364,text,true,,2915,1669,231,231,http://localhost:3000/v1/issue/create-issue,120012,0,0
1715851798812,120263,Create Issue User 550 Ramp 1,201,Created,User 550 Ramp 1 1-269,text,true,,2915,1669,230,230,http://localhost:3000/v1/issue/create-issue,120262,0,1
1715851798895,120216,Create Issue User 550 Ramp 1,201,Created,User 550 Ramp 1 1-311,text,true,,2915,1669,229,229,http://localhost:3000/v1/issue/create-issue,120216,0,1
1715851799028,120111,Create Issue User 550 Ramp 1,201,Created,User 550 Ramp 1 1-378,text,true,,2915,1669,228,228,http://localhost:3000/v1/issue/create-issue,120111,0,1
1715851798808,120351,Create Issue User 550 Ramp 1,201,Created,User 550 Ramp 1 1-267,text,true,,2915,1669,227,227,http://localhost:3000/v1/issue/create-issue,120351,0,1
1715851799059,120133,Create Issue User 550 Ramp 1,201,Created,User 550 Ramp 1 1-393,text,true,,2915,1669,226,226,http://localhost:3000/v1/issue/create-issue,120133,0,1
1715851798791,120413,Create Issue User 550 Ramp 1,201,Created,User 550 Ramp 1 1-258,text,true,,2915,1669,225,225,http://localhost:3000/v1/issue/create-issue,120412,0,1
1715851799074,120269,Create Issue User 550 Ramp 1,201,Created,User 550 Ramp 1 1-400,text,true,,2915,1669,224,224,http://localhost:3000/v1/issue/create-issue,120269,0,1
1715851798841,120514,Create Issue User 550 Ramp 1,201,Created,User 550 Ramp 1 1-284,text,true,,2915,1669,223,223,http://localhost:3000/v1/issue/create-issue,120514,0,0
1715851799076,120288,Create Issue User 550 Ramp 1,201,Created,User 550 Ramp 1 1-401,text,true,,2915,1669,222,222,http://localhost:3000/v1/issue/create-issue,120288,0,1
1715851799115,120257,Create Issue User 550 Ramp 1,201,Created,User 550 Ramp 1 1-421,text,true,,2915,1669,221,221,http://localhost:3000/v1/issue/create-issue,120257,0,1
1715851798850,120570,Create Issue User 550 Ramp 1,201,Created,User 550 Ramp 1 1-289,text,true,,2915,1669,220,220,http://localhost:3000/v1/issue/create-issue,120570,0,1
1715851798980,120582,Create Issue User 550 Ramp 1,201,Created,User 550 Ramp 1 1-353,text,true,,2915,1669,219,219,http://localhost:3000/v1/issue/create-issue,120582,0,0
1715851799027,120544,Create Issue User 550 Ramp 1,201,Created,User 550 Ramp 1 1-377,text,true,,2915,1669,218,218,http://localhost:3000/v1/issue/create-issue,120544,0,1
1715851798806,120900,Create Issue User 550 Ramp 1,201,Created,User 550 Ramp 1 1-266,text,true,,2915,1669,217,217,http://localhost:3000/v1/issue/create-issue,120900,0,1
1715851798824,121088,Create Issue User 550 Ramp 1,201,Created,User 550 Ramp 1 1-276,text,true,,2915,1669,216,216,http://localhost:3000/v1/issue/create-issue,121088,0,1
1715851798946,120996,Create Issue User 550 Ramp 1,201,Created,User 550 Ramp 1 1-336,text,true,,2915,1669,215,215,http://localhost:3000/v1/issue/create-issue,120996,0,1
1715851799004,121030,Create Issue User 550 Ramp 1,201,Created,User 550 Ramp 1 1-365,text,true,,2915,1669,214,214,http://localhost:3000/v1/issue/create-issue,121029,0,0
1715851798910,121187,Create Issue User 550 Ramp 1,201,Created,User 550 Ramp 1 1-318,text,true,,2915,1669,213,213,http://localhost:3000/v1/issue/create-issue,121186,0,0
1715851799087,121050,Create Issue User 550 Ramp 1,201,Created,User 550 Ramp 1 1-407,text,true,,2915,1669,212,212,http://localhost:3000/v1/issue/create-issue,121050,0,1
1715851799039,121138,Create Issue User 550 Ramp 1,201,Created,User 550 Ramp 1 1-383,text,true,,2915,1669,211,211,http://localhost:3000/v1/issue/create-issue,121137,0,1
1715851798793,121598,Create Issue User 550 Ramp 1,201,Created,User 550 Ramp 1 1-260,text,true,,2915,1669,210,210,http://localhost:3000/v1/issue/create-issue,121597,0,1
1715851798999,121402,Create Issue User 550 Ramp 1,201,Created,User 550 Ramp 1 1-363,text,true,,2915,1669,209,209,http://localhost:3000/v1/issue/create-issue,121402,0,0
1715851798853,121570,Create Issue User 550 Ramp 1,201,Created,User 550 Ramp 1 1-290,text,true,,2915,1669,208,208,http://localhost:3000/v1/issue/create-issue,121570,0,1
1715851798958,121475,Create Issue User 550 Ramp 1,201,Created,User 550 Ramp 1 1-342,text,true,,2915,1669,207,207,http://localhost:3000/v1/issue/create-issue,121475,0,0
1715851799121,121349,Create Issue User 550 Ramp 1,201,Created,User 550 Ramp 1 1-424,text,true,,2915,1669,206,206,http://localhost:3000/v1/issue/create-issue,121349,0,1
1715851799145,121349,Create Issue User 550 Ramp 1,201,Created,User 550 Ramp 1 1-436,text,true,,2915,1669,205,205,http://localhost:3000/v1/issue/create-issue,121349,0,1
1715851798895,121611,Create Issue User 550 Ramp 1,201,Created,User 550 Ramp 1 1-308,text,true,,2915,1669,204,204,http://localhost:3000/v1/issue/create-issue,121611,0,1
1715851799188,121433,Create Issue User 550 Ramp 1,201,Created,User 550 Ramp 1 1-458,text,true,,2915,1669,203,203,http://localhost:3000/v1/issue/create-issue,121433,0,0
1715851798691,121961,Create Issue User 550 Ramp 1,201,Created,User 550 Ramp 1 1-210,text,true,,2915,1669,202,202,http://localhost:3000/v1/issue/create-issue,121961,0,1
1715851799036,121625,Create Issue User 550 Ramp 1,201,Created,User 550 Ramp 1 1-381,text,true,,2915,1669,201,201,http://localhost:3000/v1/issue/create-issue,121625,0,1
1715851799129,121558,Create Issue User 550 Ramp 1,201,Created,User 550 Ramp 1 1-428,text,true,,2915,1669,200,200,http://localhost:3000/v1/issue/create-issue,121558,0,0
1715851798687,122036,Create Issue User 550 Ramp 1,201,Created,User 550 Ramp 1 1-206,text,true,,2915,1669,199,199,http://localhost:3000/v1/issue/create-issue,122036,0,0
1715851798924,121812,Create Issue User 550 Ramp 1,201,Created,User 550 Ramp 1 1-325,text,true,,2915,1669,198,198,http://localhost:3000/v1/issue/create-issue,121812,0,1
1715851798936,121823,Create Issue User 550 Ramp 1,201,Created,User 550 Ramp 1 1-332,text,true,,2915,1669,197,197,http://localhost:3000/v1/issue/create-issue,121822,0,0
1715851798961,121839,Create Issue User 550 Ramp 1,201,Created,User 550 Ramp 1 1-343,text,true,,2915,1669,196,196,http://localhost:3000/v1/issue/create-issue,121838,0,0
1715851798815,122004,Create Issue User 550 Ramp 1,201,Created,User 550 Ramp 1 1-270,text,true,,2915,1669,195,195,http://localhost:3000/v1/issue/create-issue,122004,0,1
1715851798975,121852,Create Issue User 550 Ramp 1,201,Created,User 550 Ramp 1 1-351,text,true,,2915,1669,194,194,http://localhost:3000/v1/issue/create-issue,121852,0,0
1715851799024,121822,Create Issue User 550 Ramp 1,201,Created,User 550 Ramp 1 1-375,text,true,,2915,1669,193,193,http://localhost:3000/v1/issue/create-issue,121821,0,1
1715851798845,122039,Create Issue User 550 Ramp 1,201,Created,User 550 Ramp 1 1-286,text,true,,2915,1669,192,192,http://localhost:3000/v1/issue/create-issue,122039,0,0
1715851798797,122096,Create Issue User 550 Ramp 1,201,Created,User 550 Ramp 1 1-262,text,true,,2915,1669,191,191,http://localhost:3000/v1/issue/create-issue,122096,0,1
1715851798993,121926,Create Issue User 550 Ramp 1,201,Created,User 550 Ramp 1 1-359,text,true,,2915,1669,190,190,http://localhost:3000/v1/issue/create-issue,121925,0,0
1715851799171,121756,Create Issue User 550 Ramp 1,201,Created,User 550 Ramp 1 1-449,text,true,,2915,1669,189,189,http://localhost:3000/v1/issue/create-issue,121756,0,0
1715851798757,122184,Create Issue User 550 Ramp 1,201,Created,User 550 Ramp 1 1-242,text,true,,2915,1669,188,188,http://localhost:3000/v1/issue/create-issue,122184,0,1
1715851799044,121945,Create Issue User 550 Ramp 1,201,Created,User 550 Ramp 1 1-386,text,true,,2915,1669,187,187,http://localhost:3000/v1/issue/create-issue,121945,0,1
1715851799042,121956,Create Issue User 550 Ramp 1,201,Created,User 550 Ramp 1 1-385,text,true,,2915,1669,186,186,http://localhost:3000/v1/issue/create-issue,121956,0,1
1715851798970,122053,Create Issue User 550 Ramp 1,201,Created,User 550 Ramp 1 1-348,text,true,,2915,1669,185,185,http://localhost:3000/v1/issue/create-issue,122053,0,0
1715851799135,121898,Create Issue User 550 Ramp 1,201,Created,User 550 Ramp 1 1-431,text,true,,2915,1669,184,184,http://localhost:3000/v1/issue/create-issue,121898,0,1
1715851799100,121957,Create Issue User 550 Ramp 1,201,Created,User 550 Ramp 1 1-414,text,true,,2915,1669,183,183,http://localhost:3000/v1/issue/create-issue,121957,0,1
1715851799018,122049,Create Issue User 550 Ramp 1,201,Created,User 550 Ramp 1 1-373,text,true,,2915,1669,182,182,http://localhost:3000/v1/issue/create-issue,122049,0,1
1715851799104,121974,Create Issue User 550 Ramp 1,201,Created,User 550 Ramp 1 1-416,text,true,,2915,1669,181,181,http://localhost:3000/v1/issue/create-issue,121974,0,1
1715851798917,122264,Create Issue User 550 Ramp 1,201,Created,User 550 Ramp 1 1-322,text,true,,2915,1669,180,180,http://localhost:3000/v1/issue/create-issue,122263,0,0
1715851799015,122203,Create Issue User 550 Ramp 1,201,Created,User 550 Ramp 1 1-371,text,true,,2915,1669,179,179,http://localhost:3000/v1/issue/create-issue,122203,0,0
1715851798978,122248,Create Issue User 550 Ramp 1,201,Created,User 550 Ramp 1 1-352,text,true,,2915,1669,178,178,http://localhost:3000/v1/issue/create-issue,122247,0,1
1715851799108,122148,Create Issue User 550 Ramp 1,201,Created,User 550 Ramp 1 1-418,text,true,,2915,1669,177,177,http://localhost:3000/v1/issue/create-issue,122148,0,1
1715851798966,122369,Create Issue User 550 Ramp 1,201,Created,User 550 Ramp 1 1-346,text,true,,2915,1669,176,176,http://localhost:3000/v1/issue/create-issue,122369,0,1
1715851799222,122121,Create Issue User 550 Ramp 1,201,Created,User 550 Ramp 1 1-474,text,true,,2915,1669,175,175,http://localhost:3000/v1/issue/create-issue,122120,0,0
1715851798921,122431,Create Issue User 550 Ramp 1,201,Created,User 550 Ramp 1 1-324,text,true,,2915,1669,174,174,http://localhost:3000/v1/issue/create-issue,122431,0,0
1715851799090,122270,Create Issue User 550 Ramp 1,201,Created,User 550 Ramp 1 1-409,text,true,,2915,1669,173,173,http://localhost:3000/v1/issue/create-issue,122270,0,1
1715851799048,122321,Create Issue User 550 Ramp 1,201,Created,User 550 Ramp 1 1-387,text,true,,2915,1669,172,172,http://localhost:3000/v1/issue/create-issue,122321,0,1
1715851799097,122361,Create Issue User 550 Ramp 1,201,Created,User 550 Ramp 1 1-412,text,true,,2915,1669,171,171,http://localhost:3000/v1/issue/create-issue,122361,0,1
1715851798938,122543,Create Issue User 550 Ramp 1,201,Created,User 550 Ramp 1 1-333,text,true,,2915,1669,170,170,http://localhost:3000/v1/issue/create-issue,122543,0,1
1715851799071,122421,Create Issue User 550 Ramp 1,201,Created,User 550 Ramp 1 1-399,text,true,,2915,1669,169,169,http://localhost:3000/v1/issue/create-issue,122421,0,2
1715851799191,122312,Create Issue User 550 Ramp 1,201,Created,User 550 Ramp 1 1-459,text,true,,2915,1669,168,168,http://localhost:3000/v1/issue/create-issue,122312,0,0
1715851798798,122721,Create Issue User 550 Ramp 1,201,Created,User 550 Ramp 1 1-263,text,true,,2915,1669,167,167,http://localhost:3000/v1/issue/create-issue,122721,0,1
1715851798935,122620,Create Issue User 550 Ramp 1,201,Created,User 550 Ramp 1 1-331,text,true,,2915,1669,166,166,http://localhost:3000/v1/issue/create-issue,122619,0,1
1715851799008,122555,Create Issue User 550 Ramp 1,201,Created,User 550 Ramp 1 1-367,text,true,,2915,1669,165,165,http://localhost:3000/v1/issue/create-issue,122554,0,1
1715851799194,122378,Create Issue User 550 Ramp 1,201,Created,User 550 Ramp 1 1-460,text,true,,2915,1669,164,164,http://localhost:3000/v1/issue/create-issue,122378,0,0
1715851798708,122943,Create Issue User 550 Ramp 1,201,Created,User 550 Ramp 1 1-217,text,true,,2915,1669,163,163,http://localhost:3000/v1/issue/create-issue,122943,0,0
1715851798871,122826,Create Issue User 550 Ramp 1,201,Created,User 550 Ramp 1 1-299,text,true,,2915,1669,162,162,http://localhost:3000/v1/issue/create-issue,122825,0,0
1715851798933,122817,Create Issue User 550 Ramp 1,201,Created,User 550 Ramp 1 1-330,text,true,,2915,1669,161,161,http://localhost:3000/v1/issue/create-issue,122817,0,1
1715851799165,122601,Create Issue User 550 Ramp 1,201,Created,User 550 Ramp 1 1-446,text,true,,2915,1669,160,160,http://localhost:3000/v1/issue/create-issue,122601,0,0
1715851799242,122542,Create Issue User 550 Ramp 1,201,Created,User 550 Ramp 1 1-484,text,true,,2915,1669,159,159,http://localhost:3000/v1/issue/create-issue,122541,0,0
1715851798954,123096,Create Issue User 550 Ramp 1,201,Created,User 550 Ramp 1 1-340,text,true,,2915,1669,158,158,http://localhost:3000/v1/issue/create-issue,123096,0,0
1715851798895,123165,Create Issue User 550 Ramp 1,201,Created,User 550 Ramp 1 1-309,text,true,,2915,1669,157,157,http://localhost:3000/v1/issue/create-issue,123165,0,1
1715851798962,123112,Create Issue User 550 Ramp 1,201,Created,User 550 Ramp 1 1-345,text,true,,2915,1669,156,156,http://localhost:3000/v1/issue/create-issue,123112,0,1
1715851799112,122982,Create Issue User 550 Ramp 1,201,Created,User 550 Ramp 1 1-420,text,true,,2915,1669,155,155,http://localhost:3000/v1/issue/create-issue,122981,0,1
1715851799234,122874,Create Issue User 550 Ramp 1,201,Created,User 550 Ramp 1 1-481,text,true,,2915,1669,154,154,http://localhost:3000/v1/issue/create-issue,122874,0,1
1715851798931,123204,Create Issue User 550 Ramp 1,201,Created,User 550 Ramp 1 1-329,text,true,,2915,1669,153,153,http://localhost:3000/v1/issue/create-issue,123204,0,1
1715851799140,123004,Create Issue User 550 Ramp 1,201,Created,User 550 Ramp 1 1-433,text,true,,2915,1669,152,152,http://localhost:3000/v1/issue/create-issue,123004,0,0
1715851798863,123289,Create Issue User 550 Ramp 1,201,Created,User 550 Ramp 1 1-295,text,true,,2915,1669,151,151,http://localhost:3000/v1/issue/create-issue,123289,0,0
1715851798762,123398,Create Issue User 550 Ramp 1,201,Created,User 550 Ramp 1 1-245,text,true,,2915,1669,150,150,http://localhost:3000/v1/issue/create-issue,123398,0,1
1715851799013,123197,Create Issue User 550 Ramp 1,201,Created,User 550 Ramp 1 1-369,text,true,,2915,1669,149,149,http://localhost:3000/v1/issue/create-issue,123197,0,0
1715851799005,123253,Create Issue User 550 Ramp 1,201,Created,User 550 Ramp 1 1-366,text,true,,2915,1669,148,148,http://localhost:3000/v1/issue/create-issue,123253,0,0
1715851799122,123164,Create Issue User 550 Ramp 1,201,Created,User 550 Ramp 1 1-425,text,true,,2915,1669,147,147,http://localhost:3000/v1/issue/create-issue,123164,0,0
1715851799153,123142,Create Issue User 550 Ramp 1,201,Created,User 550 Ramp 1 1-440,text,true,,2915,1669,146,146,http://localhost:3000/v1/issue/create-issue,123142,0,1
1715851799124,123199,Create Issue User 550 Ramp 1,201,Created,User 550 Ramp 1 1-426,text,true,,2915,1669,145,145,http://localhost:3000/v1/issue/create-issue,123199,0,0
1715851799151,123183,Create Issue User 550 Ramp 1,201,Created,User 550 Ramp 1 1-439,text,true,,2915,1669,144,144,http://localhost:3000/v1/issue/create-issue,123183,0,1
1715851798860,123483,Create Issue User 550 Ramp 1,201,Created,User 550 Ramp 1 1-294,text,true,,2915,1669,143,143,http://localhost:3000/v1/issue/create-issue,123482,0,0
1715851799100,123252,Create Issue User 550 Ramp 1,201,Created,User 550 Ramp 1 1-413,text,true,,2915,1669,142,142,http://localhost:3000/v1/issue/create-issue,123252,0,1
1715851799256,123104,Create Issue User 550 Ramp 1,201,Created,User 550 Ramp 1 1-491,text,true,,2915,1669,141,141,http://localhost:3000/v1/issue/create-issue,123104,0,0
1715851799105,123265,Create Issue User 550 Ramp 1,201,Created,User 550 Ramp 1 1-417,text,true,,2915,1669,140,140,http://localhost:3000/v1/issue/create-issue,123264,0,1
1715851799127,123272,Create Issue User 550 Ramp 1,201,Created,User 550 Ramp 1 1-427,text,true,,2915,1669,139,139,http://localhost:3000/v1/issue/create-issue,123272,0,0
1715851799086,123387,Create Issue User 550 Ramp 1,201,Created,User 550 Ramp 1 1-406,text,true,,2915,1669,138,138,http://localhost:3000/v1/issue/create-issue,123387,0,1
1715851799146,123341,Create Issue User 550 Ramp 1,201,Created,User 550 Ramp 1 1-437,text,true,,2915,1669,137,137,http://localhost:3000/v1/issue/create-issue,123341,0,1
1715851799076,123424,Create Issue User 550 Ramp 1,201,Created,User 550 Ramp 1 1-402,text,true,,2915,1669,136,136,http://localhost:3000/v1/issue/create-issue,123424,0,1
1715851799069,123439,Create Issue User 550 Ramp 1,201,Created,User 550 Ramp 1 1-398,text,true,,2915,1669,135,135,http://localhost:3000/v1/issue/create-issue,123439,0,1
1715851799080,123439,Create Issue User 550 Ramp 1,201,Created,User 550 Ramp 1 1-404,text,true,,2915,1669,134,134,http://localhost:3000/v1/issue/create-issue,123439,0,1
1715851799223,123322,Create Issue User 550 Ramp 1,201,Created,User 550 Ramp 1 1-475,text,true,,2915,1669,133,133,http://localhost:3000/v1/issue/create-issue,123322,0,0
1715851799202,123353,Create Issue User 550 Ramp 1,201,Created,User 550 Ramp 1 1-465,text,true,,2915,1669,132,132,http://localhost:3000/v1/issue/create-issue,123353,0,1
1715851799119,123444,Create Issue User 550 Ramp 1,201,Created,User 550 Ramp 1 1-423,text,true,,2915,1669,131,131,http://localhost:3000/v1/issue/create-issue,123444,0,1
1715851799175,123396,Create Issue User 550 Ramp 1,201,Created,User 550 Ramp 1 1-451,text,true,,2915,1669,130,130,http://localhost:3000/v1/issue/create-issue,123396,0,0
1715851799197,123384,Create Issue User 550 Ramp 1,201,Created,User 550 Ramp 1 1-462,text,true,,2915,1669,129,129,http://localhost:3000/v1/issue/create-issue,123383,0,0
1715851799137,123562,Create Issue User 550 Ramp 1,201,Created,User 550 Ramp 1 1-432,text,true,,2915,1669,128,128,http://localhost:3000/v1/issue/create-issue,123562,0,1
1715851798759,123949,Create Issue User 550 Ramp 1,201,Created,User 550 Ramp 1 1-243,text,true,,2915,1669,127,127,http://localhost:3000/v1/issue/create-issue,123949,0,1
1715851799270,123448,Create Issue User 550 Ramp 1,201,Created,User 550 Ramp 1 1-498,text,true,,2915,1669,126,126,http://localhost:3000/v1/issue/create-issue,123448,0,1
1715851799102,123625,Create Issue User 550 Ramp 1,201,Created,User 550 Ramp 1 1-415,text,true,,2915,1669,125,125,http://localhost:3000/v1/issue/create-issue,123625,0,1
1715851798984,123752,Create Issue User 550 Ramp 1,201,Created,User 550 Ramp 1 1-355,text,true,,2915,1669,124,124,http://localhost:3000/v1/issue/create-issue,123752,0,0
1715851798856,123888,Create Issue User 550 Ramp 1,201,Created,User 550 Ramp 1 1-292,text,true,,2915,1669,123,123,http://localhost:3000/v1/issue/create-issue,123888,0,0
1715851799064,123689,Create Issue User 550 Ramp 1,201,Created,User 550 Ramp 1 1-395,text,true,,2915,1669,122,122,http://localhost:3000/v1/issue/create-issue,123689,0,1
1715851799208,123553,Create Issue User 550 Ramp 1,201,Created,User 550 Ramp 1 1-468,text,true,,2915,1669,121,121,http://localhost:3000/v1/issue/create-issue,123553,0,1
1715851799181,123591,Create Issue User 550 Ramp 1,201,Created,User 550 Ramp 1 1-454,text,true,,2915,1669,120,120,http://localhost:3000/v1/issue/create-issue,123590,0,0
1715851799237,123544,Create Issue User 550 Ramp 1,201,Created,User 550 Ramp 1 1-482,text,true,,2915,1669,119,119,http://localhost:3000/v1/issue/create-issue,123544,0,1
1715851799009,123873,Create Issue User 550 Ramp 1,201,Created,User 550 Ramp 1 1-368,text,true,,2915,1669,118,118,http://localhost:3000/v1/issue/create-issue,123873,0,0
1715851799144,123748,Create Issue User 550 Ramp 1,201,Created,User 550 Ramp 1 1-435,text,true,,2915,1669,117,117,http://localhost:3000/v1/issue/create-issue,123748,0,0
1715851799262,123658,Create Issue User 550 Ramp 1,201,Created,User 550 Ramp 1 1-495,text,true,,2915,1669,116,116,http://localhost:3000/v1/issue/create-issue,123658,0,0
1715851799188,123740,Create Issue User 550 Ramp 1,201,Created,User 550 Ramp 1 1-457,text,true,,2915,1669,115,115,http://localhost:3000/v1/issue/create-issue,123740,0,0
1715851799173,123764,Create Issue User 550 Ramp 1,201,Created,User 550 Ramp 1 1-450,text,true,,2915,1669,114,114,http://localhost:3000/v1/issue/create-issue,123764,0,0
1715851799210,123735,Create Issue User 550 Ramp 1,201,Created,User 550 Ramp 1 1-469,text,true,,2915,1669,113,113,http://localhost:3000/v1/issue/create-issue,123735,0,0
1715851799088,123867,Create Issue User 550 Ramp 1,201,Created,User 550 Ramp 1 1-408,text,true,,2915,1669,112,112,http://localhost:3000/v1/issue/create-issue,123866,0,1
1715851799133,123831,Create Issue User 550 Ramp 1,201,Created,User 550 Ramp 1 1-430,text,true,,2915,1669,111,111,http://localhost:3000/v1/issue/create-issue,123831,0,1
1715851799097,123876,Create Issue User 550 Ramp 1,201,Created,User 550 Ramp 1 1-411,text,true,,2915,1669,110,110,http://localhost:3000/v1/issue/create-issue,123876,0,1
1715851799292,123691,Create Issue User 550 Ramp 1,201,Created,User 550 Ramp 1 1-509,text,true,,2915,1669,109,109,http://localhost:3000/v1/issue/create-issue,123690,0,0
1715851799132,123979,Create Issue User 550 Ramp 1,201,Created,User 550 Ramp 1 1-429,text,true,,2915,1669,108,108,http://localhost:3000/v1/issue/create-issue,123979,0,1
1715851799092,124031,Create Issue User 550 Ramp 1,201,Created,User 550 Ramp 1 1-410,text,true,,2915,1669,107,107,http://localhost:3000/v1/issue/create-issue,124031,0,1
1715851799195,123940,Create Issue User 550 Ramp 1,201,Created,User 550 Ramp 1 1-461,text,true,,2915,1669,106,106,http://localhost:3000/v1/issue/create-issue,123939,0,0
1715851799055,124088,Create Issue User 550 Ramp 1,201,Created,User 550 Ramp 1 1-390,text,true,,2915,1669,105,105,http://localhost:3000/v1/issue/create-issue,124088,0,0
1715851799203,123950,Create Issue User 550 Ramp 1,201,Created,User 550 Ramp 1 1-466,text,true,,2915,1669,104,104,http://localhost:3000/v1/issue/create-issue,123949,0,1
1715851799050,124110,Create Issue User 550 Ramp 1,201,Created,User 550 Ramp 1 1-389,text,true,,2915,1669,103,103,http://localhost:3000/v1/issue/create-issue,124110,0,1
1715851799314,123857,Create Issue User 550 Ramp 1,201,Created,User 550 Ramp 1 1-521,text,true,,2915,1669,102,102,http://localhost:3000/v1/issue/create-issue,123857,0,1
1715851799217,123962,Create Issue User 550 Ramp 1,201,Created,User 550 Ramp 1 1-472,text,true,,2915,1669,101,101,http://localhost:3000/v1/issue/create-issue,123962,0,0
1715851799259,123932,Create Issue User 550 Ramp 1,201,Created,User 550 Ramp 1 1-493,text,true,,2915,1669,100,100,http://localhost:3000/v1/issue/create-issue,123932,0,0
1715851799286,123931,Create Issue User 550 Ramp 1,201,Created,User 550 Ramp 1 1-506,text,true,,2915,1669,99,99,http://localhost:3000/v1/issue/create-issue,123931,0,1
1715851799017,124260,Create Issue User 550 Ramp 1,201,Created,User 550 Ramp 1 1-372,text,true,,2915,1669,98,98,http://localhost:3000/v1/issue/create-issue,124260,0,0
1715851799048,124240,Create Issue User 550 Ramp 1,201,Created,User 550 Ramp 1 1-388,text,true,,2915,1669,97,97,http://localhost:3000/v1/issue/create-issue,124240,0,1
1715851799176,124147,Create Issue User 550 Ramp 1,201,Created,User 550 Ramp 1 1-452,text,true,,2915,1669,96,96,http://localhost:3000/v1/issue/create-issue,124147,0,0
1715851799163,124170,Create Issue User 550 Ramp 1,201,Created,User 550 Ramp 1 1-445,text,true,,2915,1669,95,95,http://localhost:3000/v1/issue/create-issue,124170,0,0
1715851799034,124307,Create Issue User 550 Ramp 1,201,Created,User 550 Ramp 1 1-380,text,true,,2915,1669,94,94,http://localhost:3000/v1/issue/create-issue,124307,0,1
1715851799184,124166,Create Issue User 550 Ramp 1,201,Created,User 550 Ramp 1 1-456,text,true,,2915,1669,93,93,http://localhost:3000/v1/issue/create-issue,124166,0,0
1715851799162,124199,Create Issue User 550 Ramp 1,201,Created,User 550 Ramp 1 1-444,text,true,,2915,1669,92,92,http://localhost:3000/v1/issue/create-issue,124199,0,0
1715851799179,124192,Create Issue User 550 Ramp 1,201,Created,User 550 Ramp 1 1-453,text,true,,2915,1669,91,91,http://localhost:3000/v1/issue/create-issue,124192,0,0
1715851799064,124316,Create Issue User 550 Ramp 1,201,Created,User 550 Ramp 1 1-396,text,true,,2915,1669,90,90,http://localhost:3000/v1/issue/create-issue,124316,0,1
1715851799110,124324,Create Issue User 550 Ramp 1,201,Created,User 550 Ramp 1 1-419,text,true,,2915,1669,89,89,http://localhost:3000/v1/issue/create-issue,124324,0,1
1715851799264,124206,Create Issue User 550 Ramp 1,201,Created,User 550 Ramp 1 1-496,text,true,,2915,1669,88,88,http://localhost:3000/v1/issue/create-issue,124206,0,0
1715851799234,124272,Create Issue User 550 Ramp 1,201,Created,User 550 Ramp 1 1-480,text,true,,2915,1669,87,87,http://localhost:3000/v1/issue/create-issue,124271,0,1
1715851799117,124399,Create Issue User 550 Ramp 1,201,Created,User 550 Ramp 1 1-422,text,true,,2915,1669,86,86,http://localhost:3000/v1/issue/create-issue,124399,0,1
1715851799149,124375,Create Issue User 550 Ramp 1,201,Created,User 550 Ramp 1 1-438,text,true,,2915,1669,85,85,http://localhost:3000/v1/issue/create-issue,124375,0,1
1715851798952,124583,Create Issue User 550 Ramp 1,201,Created,User 550 Ramp 1 1-339,text,true,,2915,1669,84,84,http://localhost:3000/v1/issue/create-issue,124583,0,0
1715851798857,124689,Create Issue User 550 Ramp 1,201,Created,User 550 Ramp 1 1-293,text,true,,2915,1669,83,83,http://localhost:3000/v1/issue/create-issue,124689,0,1
1715851799302,124256,Create Issue User 550 Ramp 1,201,Created,User 550 Ramp 1 1-515,text,true,,2915,1669,82,82,http://localhost:3000/v1/issue/create-issue,124255,0,1
1715851799309,124258,Create Issue User 550 Ramp 1,201,Created,User 550 Ramp 1 1-518,text,true,,2915,1669,81,81,http://localhost:3000/v1/issue/create-issue,124258,0,1
1715851799261,124327,Create Issue User 550 Ramp 1,201,Created,User 550 Ramp 1 1-494,text,true,,2915,1669,80,80,http://localhost:3000/v1/issue/create-issue,124327,0,0
1715851799060,124565,Create Issue User 550 Ramp 1,201,Created,User 550 Ramp 1 1-394,text,true,,2915,1669,79,79,http://localhost:3000/v1/issue/create-issue,124564,0,1
1715851799270,124429,Create Issue User 550 Ramp 1,201,Created,User 550 Ramp 1 1-497,text,true,,2915,1669,78,78,http://localhost:3000/v1/issue/create-issue,124428,0,1
1715851799328,124379,Create Issue User 550 Ramp 1,201,Created,User 550 Ramp 1 1-527,text,true,,2915,1669,77,77,http://localhost:3000/v1/issue/create-issue,124379,0,0
1715851799167,124550,Create Issue User 550 Ramp 1,201,Created,User 550 Ramp 1 1-447,text,true,,2915,1669,76,76,http://localhost:3000/v1/issue/create-issue,124549,0,0
1715851799222,124515,Create Issue User 550 Ramp 1,201,Created,User 550 Ramp 1 1-473,text,true,,2915,1669,75,75,http://localhost:3000/v1/issue/create-issue,124515,0,0
1715851799141,124607,Create Issue User 550 Ramp 1,201,Created,User 550 Ramp 1 1-434,text,true,,2915,1669,74,74,http://localhost:3000/v1/issue/create-issue,124607,0,1
1715851799199,124558,Create Issue User 550 Ramp 1,201,Created,User 550 Ramp 1 1-463,text,true,,2915,1669,73,73,http://localhost:3000/v1/issue/create-issue,124557,0,0
1715851799294,124474,Create Issue User 550 Ramp 1,201,Created,User 550 Ramp 1 1-510,text,true,,2915,1669,72,72,http://localhost:3000/v1/issue/create-issue,124473,0,0
1715851799226,124551,Create Issue User 550 Ramp 1,201,Created,User 550 Ramp 1 1-477,text,true,,2915,1669,71,71,http://localhost:3000/v1/issue/create-issue,124551,0,1
1715851799232,124555,Create Issue User 550 Ramp 1,201,Created,User 550 Ramp 1 1-479,text,true,,2915,1669,70,70,http://localhost:3000/v1/issue/create-issue,124555,0,0
1715851799183,124636,Create Issue User 550 Ramp 1,201,Created,User 550 Ramp 1 1-455,text,true,,2915,1669,69,69,http://localhost:3000/v1/issue/create-issue,124635,0,0
1715851799272,124630,Create Issue User 550 Ramp 1,201,Created,User 550 Ramp 1 1-500,text,true,,2915,1669,68,68,http://localhost:3000/v1/issue/create-issue,124630,0,0
1715851799244,124666,Create Issue User 550 Ramp 1,201,Created,User 550 Ramp 1 1-485,text,true,,2915,1669,67,67,http://localhost:3000/v1/issue/create-issue,124666,0,1
1715851799037,124897,Create Issue User 550 Ramp 1,201,Created,User 550 Ramp 1 1-382,text,true,,2915,1669,66,66,http://localhost:3000/v1/issue/create-issue,124897,0,0
1715851799079,124864,Create Issue User 550 Ramp 1,201,Created,User 550 Ramp 1 1-403,text,true,,2915,1669,65,65,http://localhost:3000/v1/issue/create-issue,124863,0,0
1715851799067,124885,Create Issue User 550 Ramp 1,201,Created,User 550 Ramp 1 1-397,text,true,,2915,1669,64,64,http://localhost:3000/v1/issue/create-issue,124885,0,1
1715851799207,124754,Create Issue User 550 Ramp 1,201,Created,User 550 Ramp 1 1-467,text,true,,2915,1669,63,63,http://localhost:3000/v1/issue/create-issue,124754,0,1
1715851799231,124740,Create Issue User 550 Ramp 1,201,Created,User 550 Ramp 1 1-478,text,true,,2915,1669,62,62,http://localhost:3000/v1/issue/create-issue,124740,0,0
1715851799055,124924,Create Issue User 550 Ramp 1,201,Created,User 550 Ramp 1 1-391,text,true,,2915,1669,61,61,http://localhost:3000/v1/issue/create-issue,124924,0,0
1715851799278,124770,Create Issue User 550 Ramp 1,201,Created,User 550 Ramp 1 1-503,text,true,,2915,1669,60,60,http://localhost:3000/v1/issue/create-issue,124770,0,0
1715851799360,124697,Create Issue User 550 Ramp 1,201,Created,User 550 Ramp 1 1-543,text,true,,2915,1669,59,59,http://localhost:3000/v1/issue/create-issue,124697,0,0
1715851799200,124923,Create Issue User 550 Ramp 1,201,Created,User 550 Ramp 1 1-464,text,true,,2915,1669,58,58,http://localhost:3000/v1/issue/create-issue,124923,0,0
1715851799300,124834,Create Issue User 550 Ramp 1,201,Created,User 550 Ramp 1 1-513,text,true,,2915,1669,57,57,http://localhost:3000/v1/issue/create-issue,124834,0,1
1715851799168,124974,Create Issue User 550 Ramp 1,201,Created,User 550 Ramp 1 1-448,text,true,,2915,1669,56,56,http://localhost:3000/v1/issue/create-issue,124974,0,0
1715851799157,124995,Create Issue User 550 Ramp 1,201,Created,User 550 Ramp 1 1-442,text,true,,2915,1669,55,55,http://localhost:3000/v1/issue/create-issue,124995,0,1
1715851799322,124839,Create Issue User 550 Ramp 1,201,Created,User 550 Ramp 1 1-524,text,true,,2915,1669,54,54,http://localhost:3000/v1/issue/create-issue,124839,0,1
1715851799364,124808,Create Issue User 550 Ramp 1,201,Created,User 550 Ramp 1 1-545,text,true,,2915,1669,53,53,http://localhost:3000/v1/issue/create-issue,124808,0,0
1715851799024,125221,Create Issue User 550 Ramp 1,201,Created,User 550 Ramp 1 1-374,text,true,,2915,1669,52,52,http://localhost:3000/v1/issue/create-issue,125220,0,1
1715851799352,124903,Create Issue User 550 Ramp 1,201,Created,User 550 Ramp 1 1-540,text,true,,2915,1669,51,51,http://localhost:3000/v1/issue/create-issue,124903,0,1
1715851799294,125031,Create Issue User 550 Ramp 1,201,Created,User 550 Ramp 1 1-511,text,true,,2915,1669,50,50,http://localhost:3000/v1/issue/create-issue,125031,0,0
1715851799281,125056,Create Issue User 550 Ramp 1,201,Created,User 550 Ramp 1 1-504,text,true,,2915,1669,49,49,http://localhost:3000/v1/issue/create-issue,125056,0,0
1715851799361,124984,Create Issue User 550 Ramp 1,201,Created,User 550 Ramp 1 1-544,text,true,,2915,1669,48,48,http://localhost:3000/v1/issue/create-issue,124984,0,1
1715851799329,125025,Create Issue User 550 Ramp 1,201,Created,User 550 Ramp 1 1-528,text,true,,2915,1669,47,47,http://localhost:3000/v1/issue/create-issue,125025,0,0
1715851799240,125123,Create Issue User 550 Ramp 1,201,Created,User 550 Ramp 1 1-483,text,true,,2915,1669,46,46,http://localhost:3000/v1/issue/create-issue,125123,0,1
1715851799308,125068,Create Issue User 550 Ramp 1,201,Created,User 550 Ramp 1 1-517,text,true,,2915,1669,45,45,http://localhost:3000/v1/issue/create-issue,125068,0,1
1715851799279,125137,Create Issue User 550 Ramp 1,201,Created,User 550 Ramp 1 1-502,text,true,,2915,1669,44,44,http://localhost:3000/v1/issue/create-issue,125137,0,0
1715851799317,125108,Create Issue User 550 Ramp 1,201,Created,User 550 Ramp 1 1-522,text,true,,2915,1669,43,43,http://localhost:3000/v1/issue/create-issue,125108,0,1
1715851799225,125248,Create Issue User 550 Ramp 1,201,Created,User 550 Ramp 1 1-476,text,true,,2915,1669,42,42,http://localhost:3000/v1/issue/create-issue,125248,0,1
1715851799357,125128,Create Issue User 550 Ramp 1,201,Created,User 550 Ramp 1 1-541,text,true,,2915,1669,41,41,http://localhost:3000/v1/issue/create-issue,125127,0,0
1715851799252,125257,Create Issue User 550 Ramp 1,201,Created,User 550 Ramp 1 1-490,text,true,,2915,1669,40,40,http://localhost:3000/v1/issue/create-issue,125257,0,1
1715851799302,125217,Create Issue User 550 Ramp 1,201,Created,User 550 Ramp 1 1-514,text,true,,2915,1669,39,39,http://localhost:3000/v1/issue/create-issue,125217,0,1
1715851799339,125211,Create Issue User 550 Ramp 1,201,Created,User 550 Ramp 1 1-533,text,true,,2915,1669,38,38,http://localhost:3000/v1/issue/create-issue,125210,0,0
1715851799014,125547,Create Issue User 550 Ramp 1,201,Created,User 550 Ramp 1 1-370,text,true,,2915,1669,37,37,http://localhost:3000/v1/issue/create-issue,125547,0,0
1715851799257,125316,Create Issue User 550 Ramp 1,201,Created,User 550 Ramp 1 1-492,text,true,,2915,1669,36,36,http://localhost:3000/v1/issue/create-issue,125316,0,0
1715851799082,125503,Create Issue User 550 Ramp 1,201,Created,User 550 Ramp 1 1-405,text,true,,2915,1669,35,35,http://localhost:3000/v1/issue/create-issue,125503,0,1
1715851799368,125228,Create Issue User 550 Ramp 1,201,Created,User 550 Ramp 1 1-547,text,true,,2915,1669,34,34,http://localhost:3000/v1/issue/create-issue,125228,0,0
1715851799277,125372,Create Issue User 550 Ramp 1,201,Created,User 550 Ramp 1 1-501,text,true,,2915,1669,33,33,http://localhost:3000/v1/issue/create-issue,125372,0,0
1715851799378,125361,Create Issue User 550 Ramp 1,201,Created,User 550 Ramp 1 1-550,text,true,,2915,1669,32,32,http://localhost:3000/v1/issue/create-issue,125361,0,1
1715851799246,125512,Create Issue User 550 Ramp 1,201,Created,User 550 Ramp 1 1-487,text,true,,2915,1669,31,31,http://localhost:3000/v1/issue/create-issue,125512,0,1
1715851799284,125489,Create Issue User 550 Ramp 1,201,Created,User 550 Ramp 1 1-505,text,true,,2915,1669,30,30,http://localhost:3000/v1/issue/create-issue,125489,0,0
1715851799300,125488,Create Issue User 550 Ramp 1,201,Created,User 550 Ramp 1 1-512,text,true,,2915,1669,29,29,http://localhost:3000/v1/issue/create-issue,125488,0,1
1715851799372,125430,Create Issue User 550 Ramp 1,201,Created,User 550 Ramp 1 1-549,text,true,,2915,1669,28,28,http://localhost:3000/v1/issue/create-issue,125430,0,0
1715851799348,125466,Create Issue User 550 Ramp 1,201,Created,User 550 Ramp 1 1-537,text,true,,2915,1669,27,27,http://localhost:3000/v1/issue/create-issue,125466,0,1
1715851799346,125476,Create Issue User 550 Ramp 1,201,Created,User 550 Ramp 1 1-536,text,true,,2915,1669,26,26,http://localhost:3000/v1/issue/create-issue,125475,0,0
1715851799365,125504,Create Issue User 550 Ramp 1,201,Created,User 550 Ramp 1 1-546,text,true,,2915,1669,25,25,http://localhost:3000/v1/issue/create-issue,125504,0,0
1715851799338,125540,Create Issue User 550 Ramp 1,201,Created,User 550 Ramp 1 1-532,text,true,,2915,1669,24,24,http://localhost:3000/v1/issue/create-issue,125539,0,0
1715851799272,125614,Create Issue User 550 Ramp 1,201,Created,User 550 Ramp 1 1-499,text,true,,2915,1669,23,23,http://localhost:3000/v1/issue/create-issue,125614,0,0
1715851799289,125634,Create Issue User 550 Ramp 1,201,Created,User 550 Ramp 1 1-508,text,true,,2915,1669,22,22,http://localhost:3000/v1/issue/create-issue,125634,0,0
1715851799251,125683,Create Issue User 550 Ramp 1,201,Created,User 550 Ramp 1 1-488,text,true,,2915,1669,21,21,http://localhost:3000/v1/issue/create-issue,125683,0,1
1715851799247,125712,Create Issue User 550 Ramp 1,201,Created,User 550 Ramp 1 1-486,text,true,,2915,1669,20,20,http://localhost:3000/v1/issue/create-issue,125712,0,1
1715851799312,125656,Create Issue User 550 Ramp 1,201,Created,User 550 Ramp 1 1-519,text,true,,2915,1669,19,19,http://localhost:3000/v1/issue/create-issue,125656,0,0
1715851799332,125644,Create Issue User 550 Ramp 1,201,Created,User 550 Ramp 1 1-529,text,true,,2915,1669,18,18,http://localhost:3000/v1/issue/create-issue,125644,0,0
1715851799251,125735,Create Issue User 550 Ramp 1,201,Created,User 550 Ramp 1 1-489,text,true,,2915,1669,17,17,http://localhost:3000/v1/issue/create-issue,125735,0,1
1715851799313,125684,Create Issue User 550 Ramp 1,201,Created,User 550 Ramp 1 1-520,text,true,,2915,1669,16,16,http://localhost:3000/v1/issue/create-issue,125684,0,1
1715851799343,125739,Create Issue User 550 Ramp 1,201,Created,User 550 Ramp 1 1-535,text,true,,2915,1669,15,15,http://localhost:3000/v1/issue/create-issue,125739,0,0
1715851799342,125748,Create Issue User 550 Ramp 1,201,Created,User 550 Ramp 1 1-534,text,true,,2915,1669,14,14,http://localhost:3000/v1/issue/create-issue,125748,0,0
1715851799320,125785,Create Issue User 550 Ramp 1,201,Created,User 550 Ramp 1 1-523,text,true,,2915,1669,13,13,http://localhost:3000/v1/issue/create-issue,125785,0,1
1715851799215,125926,Create Issue User 550 Ramp 1,201,Created,User 550 Ramp 1 1-471,text,true,,2915,1669,12,12,http://localhost:3000/v1/issue/create-issue,125926,0,0
1715851799335,125815,Create Issue User 550 Ramp 1,201,Created,User 550 Ramp 1 1-531,text,true,,2915,1669,11,11,http://localhost:3000/v1/issue/create-issue,125815,0,0
1715851799370,125787,Create Issue User 550 Ramp 1,201,Created,User 550 Ramp 1 1-548,text,true,,2915,1669,10,10,http://localhost:3000/v1/issue/create-issue,125787,0,0
1715851799290,125876,Create Issue User 550 Ramp 1,201,Created,User 550 Ramp 1 1-507,text,true,,2915,1669,9,9,http://localhost:3000/v1/issue/create-issue,125876,0,0
1715851799324,125850,Create Issue User 550 Ramp 1,201,Created,User 550 Ramp 1 1-525,text,true,,2915,1669,8,8,http://localhost:3000/v1/issue/create-issue,125850,0,1
1715851799333,125852,Create Issue User 550 Ramp 1,201,Created,User 550 Ramp 1 1-530,text,true,,2915,1669,7,7,http://localhost:3000/v1/issue/create-issue,125852,0,0
1715851799357,125866,Create Issue User 550 Ramp 1,201,Created,User 550 Ramp 1 1-542,text,true,,2915,1669,6,6,http://localhost:3000/v1/issue/create-issue,125866,0,0
1715851799348,125946,Create Issue User 550 Ramp 1,201,Created,User 550 Ramp 1 1-538,text,true,,2915,1669,5,5,http://localhost:3000/v1/issue/create-issue,125946,0,1
1715851799304,126000,Create Issue User 550 Ramp 1,201,Created,User 550 Ramp 1 1-516,text,true,,2915,1669,4,4,http://localhost:3000/v1/issue/create-issue,126000,0,1
1715851799325,126003,Create Issue User 550 Ramp 1,201,Created,User 550 Ramp 1 1-526,text,true,,2915,1669,3,3,http://localhost:3000/v1/issue/create-issue,126002,0,0
1715851799213,126209,Create Issue User 550 Ramp 1,201,Created,User 550 Ramp 1 1-470,text,true,,2915,1669,2,2,http://localhost:3000/v1/issue/create-issue,126209,0,1
1715851799352,126080,Create Issue User 550 Ramp 1,201,Created,User 550 Ramp 1 1-539,text,true,,2915,1669,1,1,http://localhost:3000/v1/issue/create-issue,126080,0,0
